0	0	0.000011
2048	20480	0.001194
4096	40960	0.001636
6144	61440	0.002519
8192	81920	0.003220
10240	102400	0.004875
12288	122880	0.004295
14336	143360	0.005171
16384	163840	0.008457
18432	184320	0.007238
20480	204800	0.007513
22528	225280	0.008393
24576	245760	0.012237
26624	266240	0.011791
28672	286720	0.016206
30720	307200	0.018248
32768	327680	0.015669
34816	348160	0.015893
36864	368640	0.029643
38912	389120	0.025196
40960	409600	0.023449
43008	430080	0.024712
45056	450560	0.024053
47104	471040	0.025990
49152	491520	0.026978
51200	512000	0.028829
53248	532480	0.028798
55296	552960	0.029926
57344	573440	0.032072
59392	593920	0.031514
61440	614400	0.033426
63488	634880	0.034749
65536	655360	0.037424
67584	675840	0.036400
69632	696320	0.037806
71680	716800	0.040543
73728	737280	0.041950
75776	757760	0.043584
77824	778240	0.044706
79872	798720	0.045488
81920	819200	0.047006
83968	839680	0.048372
86016	860160	0.049503
88064	880640	0.052206
90112	901120	0.060741
92160	921600	0.053545
94208	942080	0.059017
96256	962560	0.056711
98304	983040	0.057172
100352	1003520	0.060130
102400	1024000	0.062421
104448	1044480	0.064067
106496	1064960	0.075207
108544	1085440	0.066706
110592	1105920	0.065691
112640	1126400	0.065797
114688	1146880	0.070342
116736	1167360	0.070873
118784	1187840	0.074505
120832	1208320	0.073265
122880	1228800	0.079992
124928	1249280	0.075224
126976	1269760	0.076087
129024	1290240	0.097723
131072	1310720	0.078757
133120	1331200	0.083801
135168	1351680	0.079796
137216	1372160	0.085508
139264	1392640	0.109094
141312	1413120	0.087145
143360	1433600	0.092318
145408	1454080	0.093412
147456	1474560	0.088942
149504	1495040	0.104951
151552	1515520	0.096556
153600	1536000	0.098564
155648	1556480	0.102508
157696	1576960	0.096993
159744	1597440	0.103725
161792	1617920	0.099415
163840	1638400	0.104880
165888	1658880	0.108827
167936	1679360	0.106908
169984	1699840	0.114782
172032	1720320	0.125765
174080	1740800	0.120590
176128	1761280	0.124233
178176	1781760	0.120509
180224	1802240	0.128301
182272	1822720	0.130074
184320	1843200	0.117756
186368	1863680	0.120914
188416	1884160	0.131931
190464	1904640	0.141279
192512	1925120	0.123490
194560	1945600	0.124240
196608	1966080	0.134797
198656	1986560	0.127851
200704	2007040	0.126266
202752	2027520	0.151488
204800	2048000	0.153252
206848	2068480	0.132455
208896	2088960	0.139075
210944	2109440	0.140774
212992	2129920	0.138420
215040	2150400	0.135479
217088	2170880	0.143461
219136	2191360	0.143667
221184	2211840	0.144142
223232	2232320	0.146646
225280	2252800	0.151576
227328	2273280	0.151742
229376	2293760	0.151487
231424	2314240	0.160842
233472	2334720	0.154924
235520	2355200	0.162104
237568	2375680	0.165458
239616	2396160	0.180795
241664	2416640	0.192230
243712	2437120	0.227504
245760	2457600	0.162805
247808	2478080	0.186323
249856	2498560	0.169951
251904	2519040	0.170775
253952	2539520	0.175034
256000	2560000	0.178965
258048	2580480	0.243549
260096	2600960	0.204436
262144	2621440	0.237719
264192	2641920	0.173828
266240	2662400	0.176037
268288	2682880	0.246049
270336	2703360	0.186203
272384	2723840	0.181599
274432	2744320	0.193962
276480	2764800	0.193476
278528	2785280	0.230700
280576	2805760	0.193281
282624	2826240	0.193984
284672	2846720	0.223692
286720	2867200	0.196441
288768	2887680	0.200157
290816	2908160	0.192400
292864	2928640	0.198219
294912	2949120	0.194643
296960	2969600	0.243522
299008	2990080	0.206435
301056	3010560	0.208401
303104	3031040	0.221893
305152	3051520	0.207391
307200	3072000	0.210266
309248	3092480	0.216379
311296	3112960	0.218388
313344	3133440	0.218529
315392	3153920	0.221375
317440	3174400	0.221273
319488	3194880	0.225783
321536	3215360	0.228419
323584	3235840	0.226231
325632	3256320	0.227449
327680	3276800	0.247492
329728	3297280	0.267291
331776	3317760	0.234362
333824	3338240	0.244665
335872	3358720	0.237264
337920	3379200	0.238973
339968	3399680	0.239925
342016	3420160	0.241829
344064	3440640	0.241669
346112	3461120	0.242063
348160	3481600	0.250662
350208	3502080	0.249349
352256	3522560	0.249350
354304	3543040	0.248558
356352	3563520	0.263329
358400	3584000	0.253293
360448	3604480	0.256392
362496	3624960	0.257906
364544	3645440	0.262884
366592	3665920	0.259303
368640	3686400	0.261385
370688	3706880	0.263453
372736	3727360	0.268022
374784	3747840	0.280371
376832	3768320	0.268141
378880	3788800	0.272156
380928	3809280	0.276979
382976	3829760	0.273849
385024	3850240	0.275371
387072	3870720	0.275776
389120	3891200	0.284767
391168	3911680	0.280879
393216	3932160	0.286723
395264	3952640	0.274061
397312	3973120	0.279574
399360	3993600	0.278809
401408	4014080	0.276691
403456	4034560	0.283927
405504	4055040	0.287761
407552	4075520	0.284344
409600	4096000	0.284291
411648	4116480	0.287228
413696	4136960	0.293335
415744	4157440	0.291556
417792	4177920	0.293114
419840	4198400	0.293330
421888	4218880	0.310271
423936	4239360	0.299099
425984	4259840	0.298233
428032	4280320	0.299796
430080	4300800	0.301711
432128	4321280	0.320433
434176	4341760	0.304047
436224	4362240	0.318577
438272	4382720	0.318976
440320	4403200	0.321448
442368	4423680	0.362878
444416	4444160	0.323300
446464	4464640	0.328142
448512	4485120	0.330184
450560	4505600	0.318506
452608	4526080	0.321711
454656	4546560	0.339285
456704	4567040	0.322732
458752	4587520	0.324671
460800	4608000	0.341628
462848	4628480	0.337965
464896	4648960	0.339831
466944	4669440	0.353984
468992	4689920	0.344695
471040	4710400	0.343394
473088	4730880	0.355839
475136	4751360	0.347425
477184	4771840	0.351278
479232	4792320	0.355003
481280	4812800	0.344423
483328	4833280	0.386186
485376	4853760	0.348792
487424	4874240	0.346088
489472	4894720	0.348699
491520	4915200	0.352512
493568	4935680	0.391290
495616	4956160	0.352813
497664	4976640	0.355892
499712	4997120	0.361509
501760	5017600	0.362196
503808	5038080	0.361459
505856	5058560	0.360915
507904	5079040	0.363184
509952	5099520	0.363988
512000	5120000	0.367819
514048	5140480	0.377011
516096	5160960	0.369056
518144	5181440	0.370396
520192	5201920	0.373906
522240	5222400	0.384086
524288	5242880	0.376169
526336	5263360	0.376143
528384	5283840	0.378940
530432	5304320	0.398842
532480	5324800	0.384297
534528	5345280	0.386128
536576	5365760	0.388800
538624	5386240	0.391988
540672	5406720	0.389942
542720	5427200	0.392646
544768	5447680	0.408433
546816	5468160	0.410712
548864	5488640	0.419515
550912	5509120	0.412125
552960	5529600	0.416958
555008	5550080	0.416896
557056	5570560	0.415664
559104	5591040	0.423016
561152	5611520	0.430941
563200	5632000	0.420854
565248	5652480	0.456636
567296	5672960	0.411105
569344	5693440	0.415254
571392	5713920	0.425003
573440	5734400	0.420987
575488	5754880	0.418101
577536	5775360	0.419472
579584	5795840	0.420552
581632	5816320	0.438919
583680	5836800	0.440190
585728	5857280	0.427144
587776	5877760	0.424767
589824	5898240	0.423816
591872	5918720	0.430231
593920	5939200	0.429073
595968	5959680	0.447607
598016	5980160	0.479979
600064	6000640	0.442099
602112	6021120	0.442762
604160	6041600	0.442774
606208	6062080	0.443528
608256	6082560	0.445692
610304	6103040	0.447711
612352	6123520	0.461484
614400	6144000	0.450486
616448	6164480	0.456501
618496	6184960	0.449431
620544	6205440	0.451804
622592	6225920	0.452411
624640	6246400	0.457032
626688	6266880	0.475530
628736	6287360	0.460519
630784	6307840	0.477898
632832	6328320	0.459116
634880	6348800	0.460674
636928	6369280	0.465800
638976	6389760	0.476664
641024	6410240	0.472010
643072	6430720	0.480160
645120	6451200	0.476823
647168	6471680	0.473596
649216	6492160	0.479260
651264	6512640	0.484388
653312	6533120	0.492694
655360	6553600	0.495698
657408	6574080	0.540306
659456	6594560	0.496753
661504	6615040	0.555909
663552	6635520	0.503236
665600	6656000	0.507471
667648	6676480	0.506333
669696	6696960	0.509685
671744	6717440	0.512620
673792	6737920	0.508521
675840	6758400	0.511814
677888	6778880	0.517043
679936	6799360	0.518356
681984	6819840	0.513253
684032	6840320	0.514370
686080	6860800	0.516572
688128	6881280	0.519083
690176	6901760	0.521273
692224	6922240	0.519430
694272	6942720	0.545943
696320	6963200	0.511086
698368	6983680	0.568452
700416	7004160	0.515798
702464	7024640	0.517578
704512	7045120	0.572322
706560	7065600	0.535102
708608	7086080	0.537560
710656	7106560	0.540051
712704	7127040	0.541249
714752	7147520	0.539907
716800	7168000	0.549362
718848	7188480	0.547220
720896	7208960	0.547979
722944	7229440	0.546385
724992	7249920	0.547002
727040	7270400	0.554682
729088	7290880	0.550117
731136	7311360	0.535969
733184	7331840	0.533349
735232	7352320	0.538048
737280	7372800	0.534458
739328	7393280	0.540832
741376	7413760	0.546582
743424	7434240	0.552247
745472	7454720	0.549235
747520	7475200	0.551590
749568	7495680	0.552491
751616	7516160	0.575113
753664	7536640	0.565729
755712	7557120	0.568352
757760	7577600	0.568600
759808	7598080	0.574431
761856	7618560	0.573314
763904	7639040	0.570809
765952	7659520	0.566252
768000	7680000	0.575067
770048	7700480	0.574754
772096	7720960	0.586338
774144	7741440	0.648841
776192	7761920	0.588596
778240	7782400	0.589501
780288	7802880	0.580828
782336	7823360	0.599033
784384	7843840	0.596861
786432	7864320	0.621545
788480	7884800	0.585803
790528	7905280	0.586691
792576	7925760	0.587115
794624	7946240	0.586845
796672	7966720	0.585398
798720	7987200	0.584644
800768	8007680	0.588929
802816	8028160	0.581589
804864	8048640	0.584549
806912	8069120	0.593109
808960	8089600	0.596659
811008	8110080	0.588948
813056	8130560	0.591901
815104	8151040	0.592923
817152	8171520	0.614945
819200	8192000	0.624269
821248	8212480	0.624402
823296	8232960	0.636093
825344	8253440	0.624825
827392	8273920	0.634077
829440	8294400	0.628284
831488	8314880	0.631385
833536	8335360	0.635699
835584	8355840	0.639799
837632	8376320	0.640085
839680	8396800	0.700009
841728	8417280	0.643126
843776	8437760	0.642131
845824	8458240	0.635196
847872	8478720	0.648054
849920	8499200	0.647621
851968	8519680	0.652795
854016	8540160	0.652808
856064	8560640	0.656171
858112	8581120	0.659394
860160	8601600	0.723418
862208	8622080	0.660809
864256	8642560	0.664236
866304	8663040	0.663962
868352	8683520	0.673257
870400	8704000	0.670041
872448	8724480	0.673646
874496	8744960	0.671444
876544	8765440	0.664713
878592	8785920	0.746220
880640	8806400	0.643287
882688	8826880	0.652484
884736	8847360	0.649896
886784	8867840	0.668738
888832	8888320	0.663024
890880	8908800	0.657348
892928	8929280	0.660834
894976	8949760	0.662516
897024	8970240	0.669067
899072	8990720	0.676056
901120	9011200	0.671490
903168	9031680	0.665249
905216	9052160	0.688191
907264	9072640	0.671126
909312	9093120	0.679576
911360	9113600	0.682080
913408	9134080	0.678060
915456	9154560	0.680021
917504	9175040	0.678749
919552	9195520	0.682680
921600	9216000	0.690106
923648	9236480	0.684776
925696	9256960	0.688459
927744	9277440	0.687593
929792	9297920	0.686895
931840	9318400	0.766375
933888	9338880	0.697722
935936	9359360	0.698607
937984	9379840	0.704099
940032	9400320	0.695803
942080	9420800	0.700909
944128	9441280	0.722348
946176	9461760	0.727031
948224	9482240	0.803931
950272	9502720	0.730126
952320	9523200	0.735104
954368	9543680	0.734578
956416	9564160	0.738184
958464	9584640	0.736826
960512	9605120	0.740532
962560	9625600	0.734163
964608	9646080	0.734575
966656	9666560	0.742523
968704	9687040	0.751569
970752	9707520	0.747558
972800	9728000	0.748970
974848	9748480	0.833949
976896	9768960	0.755590
978944	9789440	0.754717
980992	9809920	0.768490
983040	9830400	0.764357
985088	9850880	0.762924
987136	9871360	0.772904
989184	9891840	0.755759
991232	9912320	0.795432
993280	9932800	0.760122
995328	9953280	0.756345
997376	9973760	0.766963
999424	9994240	0.759755
1001472	10014720	0.772924
1003520	10035200	0.749570
1005568	10055680	0.759006
1007616	10076160	0.756013
1009664	10096640	0.776096
1011712	10117120	0.851606
1013760	10137600	0.776350
1015808	10158080	0.757183
1017856	10178560	0.790535
1019904	10199040	0.787614
1021952	10219520	0.776619
1024000	10240000	0.790773
1026048	10260480	0.791221
1028096	10280960	0.798099
1030144	10301440	0.766814
1032192	10321920	0.774396
1034240	10342400	0.767300
1036288	10362880	0.777613
1038336	10383360	0.773236
1040384	10403840	0.804716
1042432	10424320	0.793708
1044480	10444800	0.805093
1046528	10465280	0.801044
1048576	10485760	0.812196
1050624	10506240	0.812096
1052672	10526720	0.819116
1054720	10547200	0.792824
1056768	10567680	0.820100
1058816	10588160	0.791887
1060864	10608640	0.802151
1062912	10629120	0.797441
1064960	10649600	0.784688
1067008	10670080	0.796354
1069056	10690560	0.796826
1071104	10711040	0.795366
1073152	10731520	0.796126
1075200	10752000	0.793894
1077248	10772480	0.797333
1079296	10792960	0.793167
1081344	10813440	0.801202
1083392	10833920	0.832794
1085440	10854400	0.834557
1087488	10874880	0.842847
1089536	10895360	0.806870
1091584	10915840	0.820966
1093632	10936320	0.749274
1095680	10956800	0.758500
1097728	10977280	0.740535
1099776	10997760	0.752959
1101824	11018240	0.739976
1103872	11038720	0.742756
1105920	11059200	0.722281
1107968	11079680	0.711898
1110016	11100160	0.706515
1112064	11120640	0.720497
1114112	11141120	0.713800
1116160	11161600	0.700810
1118208	11182080	0.779618
1120256	11202560	0.720081
1122304	11223040	0.716794
1124352	11243520	0.722167
1126400	11264000	0.722495
1128448	11284480	0.713750
1130496	11304960	0.703325
1132544	11325440	0.705883
1134592	11345920	0.700590
1136640	11366400	0.700352
1138688	11386880	0.700371
1140736	11407360	0.701105
1142784	11427840	0.704222
1144832	11448320	0.705203
1146880	11468800	0.706360
1148928	11489280	0.705324
1150976	11509760	0.711295
1153024	11530240	0.717915
1155072	11550720	0.714258
1157120	11571200	0.804687
1159168	11591680	0.718264
1161216	11612160	0.714546
1163264	11632640	0.744093
1165312	11653120	0.697117
1167360	11673600	0.694288
1169408	11694080	0.702881
1171456	11714560	0.705561
1173504	11735040	0.703215
1175552	11755520	0.708409
1177600	11776000	0.710077
1179648	11796480	0.715762
1181696	11816960	0.712730
1183744	11837440	0.712337
1185792	11857920	0.716961
1187840	11878400	0.714731
1189888	11898880	0.731504
1191936	11919360	0.734358
1193984	11939840	0.737174
1196032	11960320	0.743030
1198080	11980800	0.820149
1200128	12001280	0.739856
1202176	12021760	0.748753
1204224	12042240	0.741539
1206272	12062720	0.749679
1208320	12083200	0.751430
1210368	12103680	0.727958
1212416	12124160	0.736578
1214464	12144640	0.742419
1216512	12165120	0.735724
1218560	12185600	0.737938
1220608	12206080	0.738808
1222656	12226560	0.739141
1224704	12247040	0.748686
1226752	12267520	0.744620
1228800	12288000	0.806148
1230848	12308480	0.759048
1232896	12328960	0.742348
1234944	12349440	0.750364
1236992	12369920	0.749847
1239040	12390400	0.751741
1241088	12410880	0.750515
1243136	12431360	0.753110
1245184	12451840	0.749437
1247232	12472320	0.749802
1249280	12492800	0.774657
1251328	12513280	0.778093
1253376	12533760	0.779933
1255424	12554240	0.783398
1257472	12574720	0.781776
1259520	12595200	0.790433
1261568	12615680	0.783932
1263616	12636160	0.791317
1265664	12656640	0.786910
1267712	12677120	0.799607
1269760	12697600	0.799866
1271808	12718080	0.795302
1273856	12738560	0.795106
1275904	12759040	0.800799
1277952	12779520	0.887384
1280000	12800000	0.795089
1282048	12820480	0.801527
1284096	12840960	0.800024
1286144	12861440	0.796395
1288192	12881920	0.798723
1290240	12902400	0.807592
1292288	12922880	0.812723
1294336	12943360	0.808828
1296384	12963840	0.815696
1298432	12984320	0.809389
1300480	13004800	0.820624
1302528	13025280	0.822199
1304576	13045760	0.825825
1306624	13066240	0.832012
1308672	13086720	0.827430
1310720	13107200	0.822046
1312768	13127680	0.822696
1314816	13148160	0.822354
1316864	13168640	0.823594
1318912	13189120	0.820076
1320960	13209600	0.808978
1323008	13230080	0.812555
1325056	13250560	0.805759
1327104	13271040	0.807799
1329152	13291520	0.821156
1331200	13312000	0.806087
1333248	13332480	0.818985
1335296	13352960	0.822267
1337344	13373440	0.824296
1339392	13393920	0.819501
1341440	13414400	0.822200
1343488	13434880	0.828662
1345536	13455360	0.827936
1347584	13475840	0.937256
1349632	13496320	0.827651
1351680	13516800	0.828880
1353728	13537280	0.825330
1355776	13557760	0.835617
1357824	13578240	0.520683
1359872	13598720	0.838057
1361920	13619200	0.826168
1363968	13639680	0.829929
1366016	13660160	0.873053
1368064	13680640	0.854056
1370112	13701120	0.857926
1372160	13721600	0.840178
1374208	13742080	0.840699
1376256	13762560	0.837161
1378304	13783040	0.840558
1380352	13803520	0.848231
1382400	13824000	0.900921
1384448	13844480	0.848036
1386496	13864960	0.853990
1388544	13885440	0.859986
1390592	13905920	0.856875
1392640	13926400	0.865867
1394688	13946880	0.864092
1396736	13967360	0.537075
1398784	13987840	0.962133
1400832	14008320	0.857186
1402880	14028800	0.862194
1404928	14049280	0.863380
1406976	14069760	0.877370
1409024	14090240	0.868370
1411072	14110720	0.869177
1413120	14131200	0.871395
1415168	14151680	0.873784
1417216	14172160	0.903641
1419264	14192640	0.900901
1421312	14213120	0.908811
1423360	14233600	0.906115
1425408	14254080	0.924296
1427456	14274560	0.915737
1429504	14295040	0.920531
1431552	14315520	0.908131
1433600	14336000	0.913267
1435648	14356480	0.911354
1437696	14376960	0.915149
1439744	14397440	0.901827
1441792	14417920	1.002701
1443840	14438400	1.002156
1445888	14458880	0.910494
1447936	14479360	0.938468
1449984	14499840	0.938057
1452032	14520320	0.928331
1454080	14540800	0.936242
1456128	14561280	0.930136
1458176	14581760	0.933247
1460224	14602240	0.934092
1462272	14622720	0.941339
1464320	14643200	0.934785
1466368	14663680	0.930769
1468416	14684160	0.935822
1470464	14704640	0.942102
1472512	14725120	0.945966
1474560	14745600	0.939603
1476608	14766080	0.951493
1478656	14786560	0.939580
1480704	14807040	0.943442
1482752	14827520	0.945396
1484800	14848000	0.943464
1486848	14868480	0.961729
1488896	14888960	0.946815
1490944	14909440	0.955193
1492992	14929920	0.956131
1495040	14950400	0.967164
1497088	14970880	0.956966
1499136	14991360	0.964392
1501184	15011840	0.962568
1503232	15032320	1.042883
1505280	15052800	0.955626
1507328	15073280	0.940977
1509376	15093760	0.935962
1511424	15114240	1.004078
1513472	15134720	0.975020
1515520	15155200	0.976358
1517568	15175680	0.981367
1519616	15196160	0.990057
1521664	15216640	0.983410
1523712	15237120	0.974433
1525760	15257600	0.978697
1527808	15278080	0.977842
1529856	15298560	0.984056
1531904	15319040	0.983391
1533952	15339520	0.989827
1536000	15360000	0.983157
1538048	15380480	0.991721
1540096	15400960	0.996000
1542144	15421440	0.982644
1544192	15441920	0.981096
1546240	15462400	0.995771
1548288	15482880	1.027764
1550336	15503360	0.998936
1552384	15523840	0.995424
1554432	15544320	1.008326
1556480	15564800	0.998246
1558528	15585280	1.015776
1560576	15605760	1.101051
1562624	15626240	1.007694
1564672	15646720	1.026734
1566720	15667200	1.007957
1568768	15687680	1.029072
1570816	15708160	1.017566
1572864	15728640	1.017927
1574912	15749120	1.021580
1576960	15769600	1.031343
1579008	15790080	1.025289
1581056	15810560	1.017099
1583104	15831040	1.131667
1585152	15851520	1.014668
1587200	15872000	1.027419
1589248	15892480	1.037133
1591296	15912960	1.023034
1593344	15933440	1.025326
1595392	15953920	1.027445
1597440	15974400	1.044691
1599488	15994880	1.040184
1601536	16015360	1.043563
1603584	16035840	1.042295
1605632	16056320	1.033509
1607680	16076800	1.053464
1609728	16097280	1.043559
1611776	16117760	1.059162
1613824	16138240	1.046958
1615872	16158720	1.048894
1617920	16179200	1.071059
1619968	16199680	1.042653
1622016	16220160	1.057423
1624064	16240640	1.050752
1626112	16261120	1.057266
1628160	16281600	1.062253
1630208	16302080	1.054699
1632256	16322560	1.042138
1634304	16343040	1.141898
1636352	16363520	1.032452
1638400	16384000	1.028615
1640448	16404480	1.039558
1642496	16424960	1.029591
1644544	16445440	1.032708
1646592	16465920	1.032917
1648640	16486400	1.067770
1650688	16506880	1.057371
1652736	16527360	1.067606
1654784	16547840	1.080254
1656832	16568320	1.096778
1658880	16588800	1.061876
1660928	16609280	1.084106
1662976	16629760	1.068520
1665024	16650240	1.091572
1667072	16670720	1.084779
1669120	16691200	1.074335
1671168	16711680	1.080232
1673216	16732160	1.099279
1675264	16752640	1.105223
1677312	16773120	1.096383
1679360	16793600	1.093553
1681408	16814080	1.092773
1683456	16834560	1.093982
1685504	16855040	1.097209
1687552	16875520	1.102762
1689600	16896000	1.120180
1691648	16916480	1.107333
1693696	16936960	1.102959
1695744	16957440	1.117719
1697792	16977920	1.125225
1699840	16998400	1.115899
1701888	17018880	1.115142
1703936	17039360	1.110983
1705984	17059840	1.113667
1708032	17080320	1.162167
1710080	17100800	1.123382
1712128	17121280	1.126654
1714176	17141760	1.130393
1716224	17162240	1.105039
1718272	17182720	1.113666
1720320	17203200	1.094290
1722368	17223680	1.077106
1724416	17244160	1.080691
1726464	17264640	1.076984
1728512	17285120	1.079061
1730560	17305600	1.075289
1732608	17326080	1.072045
1734656	17346560	1.076556
1736704	17367040	1.074065
1738752	17387520	1.085766
1740800	17408000	1.078571
1742848	17428480	1.089295
1744896	17448960	1.083221
1746944	17469440	1.085573
1748992	17489920	1.201455
1751040	17510400	0.662879
1753088	17530880	1.098491
1755136	17551360	0.672536
1757184	17571840	1.115506
1759232	17592320	1.118684
1761280	17612800	1.126052
1763328	17633280	1.118109
1765376	17653760	1.112261
1767424	17674240	1.117141
1769472	17694720	1.123724
1771520	17715200	1.121237
1773568	17735680	1.110566
1775616	17756160	1.127106
1777664	17776640	1.132432
1779712	17797120	1.134124
1781760	17817600	1.149069
1783808	17838080	1.124402
1785856	17858560	1.130992
1787904	17879040	1.160331
1789952	17899520	1.162489
1792000	17920000	1.160032
1794048	17940480	1.129743
1796096	17960960	1.129887
1798144	17981440	1.189429
1800192	18001920	1.126762
1802240	18022400	1.132544
1804288	18042880	1.136815
1806336	18063360	1.135587
1808384	18083840	1.139462
1810432	18104320	1.138893
1812480	18124800	1.141513
1814528	18145280	1.154693
1816576	18165760	1.148405
1818624	18186240	1.151710
1820672	18206720	1.160210
1822720	18227200	1.259107
1824768	18247680	1.145411
1826816	18268160	1.155546
1828864	18288640	1.165949
1830912	18309120	1.173269
1832960	18329600	1.165415
1835008	18350080	1.254575
1837056	18370560	1.169851
1839104	18391040	1.168169
1841152	18411520	1.213755
1843200	18432000	1.225049
1845248	18452480	1.208421
1847296	18472960	1.278749
1849344	18493440	1.212747
1851392	18513920	1.202910
1853440	18534400	1.221592
1855488	18554880	1.203770
1857536	18575360	1.225789
1859584	18595840	1.200021
1861632	18616320	1.218202
1863680	18636800	1.211234
1865728	18657280	1.201768
1867776	18677760	1.184628
1869824	18698240	1.181503
1871872	18718720	1.193255
1873920	18739200	1.285085
1875968	18759680	1.216188
1878016	18780160	1.229528
1880064	18800640	1.232752
1882112	18821120	1.243165
1884160	18841600	1.204210
1886208	18862080	1.200754
1888256	18882560	1.211612
1890304	18903040	1.219565
1892352	18923520	1.212307
1894400	18944000	1.240935
1896448	18964480	1.236852
1898496	18984960	1.256421
1900544	19005440	1.246946
1902592	19025920	1.256697
1904640	19046400	1.254931
1906688	19066880	1.241472
1908736	19087360	1.249548
1910784	19107840	1.256393
1912832	19128320	1.254839
1914880	19148800	1.231351
1916928	19169280	1.226561
1918976	19189760	1.213129
1921024	19210240	1.223148
1923072	19230720	1.296201
1925120	19251200	1.218704
1927168	19271680	1.217247
1929216	19292160	1.230289
1931264	19312640	1.221981
1933312	19333120	1.223194
1935360	19353600	1.236459
1937408	19374080	1.237555
1939456	19394560	1.231125
1941504	19415040	1.222721
1943552	19435520	1.222497
1945600	19456000	1.236108
1947648	19476480	1.237769
1949696	19496960	1.247420
1951744	19517440	1.241777
1953792	19537920	1.243177
1955840	19558400	1.239016
1957888	19578880	1.251351
1959936	19599360	0.789110
1961984	19619840	1.324104
1964032	19640320	1.251176
1966080	19660800	1.244615
1968128	19681280	1.256719
1970176	19701760	1.248760
1972224	19722240	1.250605
1974272	19742720	1.261338
1976320	19763200	1.272798
1978368	19783680	1.266734
1980416	19804160	1.275235
1982464	19824640	1.258162
1984512	19845120	1.272466
1986560	19865600	1.265170
1988608	19886080	1.282009
1990656	19906560	1.291934
1992704	19927040	1.289824
1994752	19947520	1.287322
1996800	19968000	1.326429
1998848	19988480	1.300803
2000896	20008960	1.312879
2002944	20029440	1.304060
2004992	20049920	1.316790
2007040	20070400	1.331406
2009088	20090880	1.308162
2011136	20111360	1.322181
2013184	20131840	1.333278
2015232	20152320	1.319689
2017280	20172800	1.326897
2019328	20193280	1.293038
2021376	20213760	1.294822
2023424	20234240	1.287896
2025472	20254720	1.299141
2027520	20275200	1.294024
2029568	20295680	1.326417
2031616	20316160	1.304504
2033664	20336640	1.304585
2035712	20357120	1.320264
2037760	20377600	1.329710
2039808	20398080	1.317538
2041856	20418560	1.388761
2043904	20439040	1.469591
2045952	20459520	1.417511
2048000	20480000	1.338137
2050048	20500480	1.324348
2052096	20520960	1.316218
2054144	20541440	1.315183
2056192	20561920	1.308025
2058240	20582400	1.313983
2060288	20602880	1.404564
2062336	20623360	1.308813
2064384	20643840	1.326638
2066432	20664320	1.316079
2068480	20684800	1.312852
2070528	20705280	1.312214
2072576	20725760	1.332871
2074624	20746240	1.331207
2076672	20766720	1.311430
2078720	20787200	1.462088
2080768	20807680	1.329982
2082816	20828160	1.336910
2084864	20848640	1.383867
2086912	20869120	1.368135
2088960	20889600	1.354306
2091008	20910080	1.338326
2093056	20930560	1.340548
2095104	20951040	1.339435
2097152	20971520	1.351522
2099200	20992000	1.476809
2101248	21012480	1.351380
2103296	21032960	1.344162
2105344	21053440	1.347337
2107392	21073920	1.343023
2109440	21094400	1.355047
2111488	21114880	1.351705
2113536	21135360	1.346420
2115584	21155840	1.364069
2117632	21176320	1.343678
2119680	21196800	1.369270
2121728	21217280	1.359172
2123776	21237760	1.371470
2125824	21258240	1.465424
2127872	21278720	1.373501
2129920	21299200	1.375013
2131968	21319680	1.384828
2134016	21340160	1.384575
2136064	21360640	1.380838
2138112	21381120	1.379955
2140160	21401600	1.414229
2142208	21422080	1.418085
2144256	21442560	1.440638
2146304	21463040	1.545941
2148352	21483520	1.417446
2150400	21504000	1.395145
2152448	21524480	1.389918
2154496	21544960	1.399779
2156544	21565440	1.388210
2158592	21585920	1.534476
2160640	21606400	1.391399
2162688	21626880	1.393576
2164736	21647360	1.387001
2166784	21667840	1.420730
2168832	21688320	1.419558
2170880	21708800	1.399159
2172928	21729280	1.398675
2174976	21749760	1.397757
2177024	21770240	1.382877
2179072	21790720	1.381232
2181120	21811200	1.390427
2183168	21831680	1.375833
2185216	21852160	1.381308
2187264	21872640	1.374713
2189312	21893120	1.422199
2191360	21913600	1.420205
2193408	21934080	1.424931
2195456	21954560	1.421057
2197504	21975040	1.435528
2199552	21995520	1.526516
2201600	22016000	1.444211
2203648	22036480	1.426933
2205696	22056960	1.438072
2207744	22077440	1.550524
2209792	22097920	1.437748
2211840	22118400	1.432716
2213888	22138880	1.583597
2215936	22159360	1.434417
2217984	22179840	1.438642
2220032	22200320	1.444530
2222080	22220800	1.447511
2224128	22241280	1.451335
2226176	22261760	1.438373
2228224	22282240	1.438839
2230272	22302720	1.443819
2232320	22323200	1.464797
2234368	22343680	1.458654
2236416	22364160	1.454135
2238464	22384640	1.461194
2240512	22405120	1.451933
2242560	22425600	1.447134
2244608	22446080	1.462233
2246656	22466560	1.454531
2248704	22487040	1.456520
2250752	22507520	1.466157
2252800	22528000	1.466404
2254848	22548480	1.467722
2256896	22568960	1.471406
2258944	22589440	1.462863
2260992	22609920	1.467518
2263040	22630400	1.471502
2265088	22650880	1.652794
2267136	22671360	1.434930
2269184	22691840	1.447571
2271232	22712320	1.442227
2273280	22732800	1.445883
2275328	22753280	1.430965
2277376	22773760	1.441038
2279424	22794240	1.452005
2281472	22814720	1.453974
2283520	22835200	1.446750
2285568	22855680	1.443956
2287616	22876160	1.623244
2289664	22896640	1.500825
2291712	22917120	1.497376
2293760	22937600	1.637151
2295808	22958080	1.492417
2297856	22978560	1.498334
2299904	22999040	1.506602
2301952	23019520	1.567888
2304000	23040000	1.492014
2306048	23060480	1.510626
2308096	23080960	1.501774
2310144	23101440	1.518077
2312192	23121920	1.515047
2314240	23142400	1.519001
2316288	23162880	1.484225
2318336	23183360	1.474512
2320384	23203840	1.483413
2322432	23224320	1.468946
2324480	23244800	1.517782
2326528	23265280	1.481744
2328576	23285760	1.470625
2330624	23306240	1.613319
2332672	23326720	1.473998
2334720	23347200	1.486916
2336768	23367680	1.483257
2338816	23388160	1.502248
2340864	23408640	1.488006
2342912	23429120	1.491504
2344960	23449600	1.500138
2347008	23470080	1.639969
2349056	23490560	1.492255
2351104	23511040	1.495769
2353152	23531520	1.502876
2355200	23552000	1.501841
2357248	23572480	1.497329
2359296	23592960	1.501787
2361344	23613440	1.511538
2363392	23633920	1.493986
2365440	23654400	1.506094
2367488	23674880	1.516253
2369536	23695360	1.506494
2371584	23715840	1.517866
2373632	23736320	1.517778
2375680	23756800	1.513937
2377728	23777280	1.522775
2379776	23797760	1.521559
2381824	23818240	1.525020
2383872	23838720	1.519978
2385920	23859200	1.714502
2387968	23879680	1.520955
2390016	23900160	1.532606
2392064	23920640	1.532584
2394112	23941120	1.535169
2396160	23961600	1.539829
2398208	23982080	1.528375
2400256	24002560	1.542289
2402304	24023040	1.543598
2404352	24043520	1.529395
2406400	24064000	1.533297
2408448	24084480	1.527931
2410496	24104960	1.661505
2412544	24125440	1.547992
2414592	24145920	1.530699
2416640	24166400	1.558476
2418688	24186880	1.543396
2420736	24207360	1.529753
2422784	24227840	1.675097
2424832	24248320	0.913351
2426880	24268800	1.565935
2428928	24289280	1.737844
2430976	24309760	1.547903
2433024	24330240	1.551564
2435072	24350720	1.556227
2437120	24371200	1.554213
2439168	24391680	1.552068
2441216	24412160	1.579692
2443264	24432640	1.568256
2445312	24453120	1.552919
2447360	24473600	1.560723
2449408	24494080	1.570967
2451456	24514560	1.699036
2453504	24535040	1.565573
2455552	24555520	1.573475
2457600	24576000	1.774053
2459648	24596480	1.574081
2461696	24616960	1.571999
2463744	24637440	1.575547
2465792	24657920	1.775650
2467840	24678400	1.589734
2469888	24698880	1.589525
2471936	24719360	1.586631
2473984	24739840	1.760546
2476032	24760320	1.592249
2478080	24780800	1.591962
2480128	24801280	1.592935
2482176	24821760	1.741689
2484224	24842240	1.616449
2486272	24862720	1.596304
2488320	24883200	1.610649
2490368	24903680	1.719447
2492416	24924160	1.750113
2494464	24944640	1.650803
2496512	24965120	1.729753
2498560	24985600	1.672487
2500608	25006080	1.834203
2502656	25026560	1.648491
2504704	25047040	1.649948
2506752	25067520	1.645858
2508800	25088000	1.639007
2510848	25108480	1.644171
2512896	25128960	1.640094
2514944	25149440	1.647892
2516992	25169920	1.668766
2519040	25190400	1.655786
2521088	25210880	1.657768
2523136	25231360	1.652311
2525184	25251840	1.662587
2527232	25272320	1.670272
2529280	25292800	0.990316
2531328	25313280	1.622764
2533376	25333760	1.627923
2535424	25354240	1.690338
2537472	25374720	1.680312
2539520	25395200	1.693178
2541568	25415680	1.672190
2543616	25436160	1.687170
2545664	25456640	1.672973
2547712	25477120	1.839440
2549760	25497600	1.693698
2551808	25518080	1.637974
2553856	25538560	1.644219
2555904	25559040	1.683487
2557952	25579520	1.673723
2560000	25600000	1.687882
2562048	25620480	1.693560
2564096	25640960	1.692886
2566144	25661440	1.005438
2568192	25681920	1.709152
2570240	25702400	1.718782
2572288	25722880	1.665220
2574336	25743360	0.984401
2576384	25763840	1.659362
2578432	25784320	1.652615
2580480	25804800	1.661160
2582528	25825280	1.651410
2584576	25845760	1.661644
2586624	25866240	1.649431
2588672	25886720	1.654482
2590720	25907200	1.666204
2592768	25927680	1.656984
2594816	25948160	1.677741
2596864	25968640	1.660006
2598912	25989120	1.663476
2600960	26009600	1.672545
2603008	26030080	1.676822
2605056	26050560	1.679901
2607104	26071040	1.674101
2609152	26091520	1.669857
2611200	26112000	1.687898
2613248	26132480	1.678180
2615296	26152960	1.814229
2617344	26173440	1.675951
2619392	26193920	1.734248
2621440	26214400	1.733642
2623488	26234880	1.735463
2625536	26255360	1.740790
2627584	26275840	1.686818
2629632	26296320	1.693547
2631680	26316800	1.686818
2633728	26337280	1.692006
2635776	26357760	1.694163
2637824	26378240	1.914350
2639872	26398720	1.694534
2641920	26419200	1.897186
2643968	26439680	1.710808
2646016	26460160	1.706236
2648064	26480640	1.710025
2650112	26501120	1.713915
2652160	26521600	1.715445
2654208	26542080	1.707027
2656256	26562560	1.709859
2658304	26583040	1.883352
2660352	26603520	1.766634
2662400	26624000	1.755814
2664448	26644480	1.756445
2666496	26664960	1.765056
2668544	26685440	1.048260
2670592	26705920	1.778154
2672640	26726400	1.777342
2674688	26746880	1.769631
2676736	26767360	1.774218
2678784	26787840	1.718504
2680832	26808320	1.742069
2682880	26828800	1.744712
2684928	26849280	1.742284
2686976	26869760	1.732532
2689024	26890240	1.735449
2691072	26910720	1.750003
2693120	26931200	1.014258
2695168	26951680	1.738426
2697216	26972160	1.748226
2699264	26992640	1.796710
2701312	27013120	1.792744
2703360	27033600	1.059332
2705408	27054080	1.820980
2707456	27074560	1.802689
2709504	27095040	1.823624
2711552	27115520	1.801271
2713600	27136000	1.815343
2715648	27156480	1.812741
2717696	27176960	1.817662
2719744	27197440	1.818095
2721792	27217920	1.822546
2723840	27238400	1.809789
2725888	27258880	1.764251
2727936	27279360	1.784911
2729984	27299840	1.783492
2732032	27320320	1.773630
2734080	27340800	1.780529
2736128	27361280	1.767473
2738176	27381760	1.783371
2740224	27402240	1.786923
2742272	27422720	1.786259
2744320	27443200	1.784243
2746368	27463680	1.785706
2748416	27484160	1.796004
2750464	27504640	1.797315
2752512	27525120	1.783096
2754560	27545600	1.800808
2756608	27566080	1.794102
2758656	27586560	1.793476
2760704	27607040	1.805985
2762752	27627520	1.789139
2764800	27648000	2.033611
2766848	27668480	1.801012
2768896	27688960	1.806102
2770944	27709440	1.806092
2772992	27729920	1.803020
2775040	27750400	1.801525
2777088	27770880	1.799643
2779136	27791360	1.818754
2781184	27811840	1.937567
2783232	27832320	1.799141
2785280	27852800	1.847837
2787328	27873280	1.857712
2789376	27893760	1.855241
2791424	27914240	1.868533
2793472	27934720	1.857480
2795520	27955200	1.870052
2797568	27975680	1.863199
2799616	27996160	1.869412
2801664	28016640	1.873131
2803712	28037120	1.811163
2805760	28057600	1.868702
2807808	28078080	1.862739
2809856	28098560	1.859114
2811904	28119040	1.864953
2813952	28139520	1.886181
2816000	28160000	1.873043
2818048	28180480	1.880309
2820096	28200960	1.874691
2822144	28221440	1.890742
2824192	28241920	1.884910
2826240	28262400	1.884251
2828288	28282880	1.901362
2830336	28303360	1.905424
2832384	28323840	1.891367
2834432	28344320	1.899377
2836480	28364800	1.895020
2838528	28385280	1.902115
2840576	28405760	1.904240
2842624	28426240	1.908624
2844672	28446720	1.909385
2846720	28467200	1.901290
2848768	28487680	1.909054
2850816	28508160	1.981113
2852864	28528640	1.851137
2854912	28549120	1.898782
2856960	28569600	1.904666
2859008	28590080	1.906510
2861056	28610560	1.913530
2863104	28631040	1.901387
2865152	28651520	1.916442
2867200	28672000	1.922963
2869248	28692480	1.918734
2871296	28712960	1.918694
2873344	28733440	1.926180
2875392	28753920	1.946669
2877440	28774400	1.924167
2879488	28794880	1.920364
2881536	28815360	1.919757
2883584	28835840	1.927479
2885632	28856320	1.919726
2887680	28876800	1.923013
2889728	28897280	1.923384
2891776	28917760	2.008038
2893824	28938240	1.929224
2895872	28958720	2.052975
2897920	28979200	1.881657
2899968	28999680	1.883546
2902016	29020160	1.887047
2904064	29040640	1.887498
2906112	29061120	1.881556
2908160	29081600	2.113377
2910208	29102080	1.879815
2912256	29122560	1.879851
2914304	29143040	1.880149
2916352	29163520	1.889942
2918400	29184000	1.888212
2920448	29204480	1.883175
2922496	29224960	1.885593
2924544	29245440	1.889692
2926592	29265920	1.886381
2928640	29286400	1.906100
2930688	29306880	1.904852
2932736	29327360	1.951127
2934784	29347840	1.903096
2936832	29368320	1.901281
2938880	29388800	1.964116
2940928	29409280	1.964465
2942976	29429760	1.964393
2945024	29450240	1.967907
2947072	29470720	1.959474
2949120	29491200	1.965871
2951168	29511680	1.148994
2953216	29532160	1.985500
2955264	29552640	1.983179
2957312	29573120	1.939149
2959360	29593600	1.940396
2961408	29614080	1.964186
2963456	29634560	1.129091
2965504	29655040	1.945841
2967552	29675520	1.944816
2969600	29696000	2.031020
2971648	29716480	1.951004
2973696	29736960	1.949350
2975744	29757440	1.948964
2977792	29777920	1.957382
2979840	29798400	1.941261
2981888	29818880	1.946052
2983936	29839360	1.948425
2985984	29859840	2.190060
2988032	29880320	1.970007
2990080	29900800	1.961291
2992128	29921280	1.957234
2994176	29941760	1.968691
2996224	29962240	1.962162
2998272	29982720	1.963523
3000320	30003200	1.964681
3002368	30023680	1.974596
3004416	30044160	1.956156
3006464	30064640	1.987597
3008512	30085120	1.970077
3010560	30105600	1.969913
3012608	30126080	1.963848
3014656	30146560	1.955897
3016704	30167040	1.972224
3018752	30187520	1.969341
3020800	30208000	1.976607
3022848	30228480	1.977579
3024896	30248960	2.043749
3026944	30269440	1.984944
3028992	30289920	2.029787
3031040	30310400	2.022405
3033088	30330880	2.025520
3035136	30351360	2.045974
3037184	30371840	2.060467
3039232	30392320	2.045821
3041280	30412800	2.053059
3043328	30433280	2.043776
3045376	30453760	2.047403
3047424	30474240	2.114154
3049472	30494720	2.065727
3051520	30515200	1.999575
3053568	30535680	1.999181
3055616	30556160	2.004815
3057664	30576640	2.012098
3059712	30597120	2.016861
3061760	30617600	2.024431
3063808	30638080	2.011553
3065856	30658560	2.060548
3067904	30679040	2.089135
3069952	30699520	2.073486
3072000	30720000	2.075440
3074048	30740480	2.091380
3076096	30760960	2.082045
3078144	30781440	2.077918
3080192	30801920	2.070536
3082240	30822400	2.077738
3084288	30842880	2.208261
3086336	30863360	2.087174
3088384	30883840	2.073235
3090432	30904320	2.081355
3092480	30924800	2.093937
3094528	30945280	2.092535
3096576	30965760	2.090546
3098624	30986240	2.034727
3100672	31006720	2.040277
3102720	31027200	2.042482
3104768	31047680	2.054834
3106816	31068160	2.038506
3108864	31088640	2.037496
3110912	31109120	2.040101
3112960	31129600	2.053828
3115008	31150080	2.051556
3117056	31170560	2.032510
3119104	31191040	2.044239
3121152	31211520	2.112970
3123200	31232000	2.130226
3125248	31252480	2.106261
3127296	31272960	2.114471
3129344	31293440	2.115075
3131392	31313920	2.204238
3133440	31334400	2.100888
3135488	31354880	2.133832
3137536	31375360	2.052615
3139584	31395840	2.069090
3141632	31416320	2.112806
3143680	31436800	2.127476
3145728	31457280	2.144105
3147776	31477760	2.126912
3149824	31498240	2.137794
3151872	31518720	2.135577
3153920	31539200	2.141226
3155968	31559680	2.130629
3158016	31580160	2.141355
3160064	31600640	2.146082
3162112	31621120	2.164415
3164160	31641600	2.138059
3166208	31662080	2.142102
3168256	31682560	2.159815
3170304	31703040	2.170678
3172352	31723520	1.296242
3174400	31744000	2.157878
3176448	31764480	2.183460
3178496	31784960	2.162543
3180544	31805440	2.169295
3182592	31825920	2.153836
3184640	31846400	2.173659
3186688	31866880	2.166310
3188736	31887360	2.180609
3190784	31907840	2.229582
3192832	31928320	2.159351
3194880	31948800	2.148275
3196928	31969280	2.154229
3198976	31989760	2.133839
3201024	32010240	2.152183
3203072	32030720	2.158788
3205120	32051200	2.145648
3207168	32071680	2.142873
3209216	32092160	2.146185
3211264	32112640	2.160446
3213312	32133120	2.146354
3215360	32153600	2.131322
3217408	32174080	2.111685
3219456	32194560	2.172878
3221504	32215040	2.158059
3223552	32235520	2.179705
3225600	32256000	2.171599
3227648	32276480	2.168435
3229696	32296960	2.169359
3231744	32317440	2.172635
3233792	32337920	2.162870
3235840	32358400	2.173811
3237888	32378880	2.176215
3239936	32399360	2.183623
3241984	32419840	2.178561
3244032	32440320	2.187726
3246080	32460800	2.175309
3248128	32481280	2.186861
3250176	32501760	2.340813
3252224	32522240	2.179831
3254272	32542720	2.442043
3256320	32563200	2.194714
3258368	32583680	2.448375
3260416	32604160	2.199876
3262464	32624640	2.186327
3264512	32645120	2.198575
3266560	32665600	2.191626
3268608	32686080	2.199136
3270656	32706560	2.202573
3272704	32727040	2.201078
3274752	32747520	2.196018
3276800	32768000	2.206331
3278848	32788480	2.204484
3280896	32808960	2.203373
3282944	32829440	2.149151
3284992	32849920	2.159406
3287040	32870400	2.154135
3289088	32890880	2.148231
3291136	32911360	2.142881
3293184	32931840	2.156135
3295232	32952320	2.149484
3297280	32972800	2.150324
3299328	32993280	2.251920
3301376	33013760	2.162210
3303424	33034240	2.157525
3305472	33054720	2.159530
3307520	33075200	2.149942
3309568	33095680	2.163433
3311616	33116160	2.172889
3313664	33136640	2.164512
3315712	33157120	2.214187
3317760	33177600	2.216809
3319808	33198080	2.232928
3321856	33218560	2.234623
3323904	33239040	2.240930
3325952	33259520	2.236857
3328000	33280000	2.236752
3330048	33300480	2.340622
3332096	33320960	2.247811
3334144	33341440	2.379358
3336192	33361920	2.258806
3338240	33382400	2.239672
3340288	33402880	2.251354
3342336	33423360	2.254966
3344384	33443840	2.251463
3346432	33464320	2.242109
3348480	33484800	2.251586
3350528	33505280	2.253959
3352576	33525760	2.258448
3354624	33546240	2.252511
3356672	33566720	2.250676
3358720	33587200	2.260877
3360768	33607680	2.252189
3362816	33628160	2.242592
3364864	33648640	2.396430
3366912	33669120	2.279534
3368960	33689600	2.259394
3371008	33710080	2.275311
3373056	33730560	2.269115
3375104	33751040	2.202164
3377152	33771520	2.470854
3379200	33792000	2.235732
3381248	33812480	2.216983
3383296	33832960	2.202195
3385344	33853440	2.221405
3387392	33873920	2.224360
3389440	33894400	2.272097
3391488	33914880	2.220210
3393536	33935360	2.228204
3395584	33955840	2.373700
3397632	33976320	2.223173
3399680	33996800	2.222675
3401728	34017280	2.238626
3403776	34037760	2.320854
3405824	34058240	2.290479
3407872	34078720	2.230852
3409920	34099200	2.230812
3411968	34119680	2.245487
3414016	34140160	2.234973
3416064	34160640	2.249312
3418112	34181120	2.239224
3420160	34201600	2.250228
3422208	34222080	2.242682
3424256	34242560	2.237157
3426304	34263040	2.249579
3428352	34283520	2.257017
3430400	34304000	2.267309
3432448	34324480	2.254089
3434496	34344960	2.261080
3436544	34365440	2.247223
3438592	34385920	2.249496
3440640	34406400	2.246709
3442688	34426880	2.267082
3444736	34447360	1.308579
3446784	34467840	2.288446
3448832	34488320	2.280985
3450880	34508800	2.287933
3452928	34529280	2.290205
3454976	34549760	2.287467
3457024	34570240	2.410294
3459072	34590720	2.349300
3461120	34611200	2.288064
3463168	34631680	2.346603
3465216	34652160	2.360194
3467264	34672640	2.368692
3469312	34693120	2.346975
3471360	34713600	2.605116
3473408	34734080	2.365863
3475456	34754560	2.477808
3477504	34775040	2.367316
3479552	34795520	2.380673
3481600	34816000	2.363813
3483648	34836480	2.286926
3485696	34856960	2.283850
3487744	34877440	1.301739
3489792	34897920	2.298756
3491840	34918400	2.301475
3493888	34938880	2.305005
3495936	34959360	2.302982
3497984	34979840	2.298446
3500032	35000320	2.307362
3502080	35020800	2.297198
3504128	35041280	2.306899
3506176	35061760	2.311960
3508224	35082240	2.364964
3510272	35102720	2.369777
3512320	35123200	1.355702
3514368	35143680	2.377341
3516416	35164160	2.384222
3518464	35184640	2.319458
3520512	35205120	2.321695
3522560	35225600	2.317030
3524608	35246080	2.318404
3526656	35266560	2.320074
3528704	35287040	2.442452
3530752	35307520	2.390408
3532800	35328000	2.598950
3534848	35348480	2.332516
3536896	35368960	2.353322
3538944	35389440	2.333714
3540992	35409920	1.341350
3543040	35430400	2.350529
3545088	35450880	2.346093
3547136	35471360	2.506084
3549184	35491840	2.340101
3551232	35512320	2.423223
3553280	35532800	2.352476
3555328	35553280	2.348433
3557376	35573760	1.337899
3559424	35594240	2.350794
3561472	35614720	2.375091
3563520	35635200	2.615491
3565568	35655680	2.359443
3567616	35676160	2.370042
3569664	35696640	2.412840
3571712	35717120	2.416874
3573760	35737600	2.437109
3575808	35758080	2.424766
3577856	35778560	2.436867
3579904	35799040	2.434706
3581952	35819520	2.454833
3584000	35840000	2.441899
3586048	35860480	2.430519
3588096	35880960	2.616512
3590144	35901440	1.381926
3592192	35921920	2.458734
3594240	35942400	2.463127
3596288	35962880	2.462027
3598336	35983360	2.453939
3600384	36003840	2.451822
3602432	36024320	2.470063
3604480	36044800	2.440895
3606528	36065280	2.461416
3608576	36085760	2.466806
3610624	36106240	2.470011
3612672	36126720	2.476578
3614720	36147200	2.471513
3616768	36167680	2.471197
3618816	36188160	2.467774
3620864	36208640	2.401757
3622912	36229120	2.401702
3624960	36249600	2.404093
3627008	36270080	2.482298
3629056	36290560	2.400514
3631104	36311040	2.424859
3633152	36331520	2.407107
3635200	36352000	2.486695
3637248	36372480	2.495542
3639296	36392960	2.490059
3641344	36413440	2.512182
3643392	36433920	2.623738
3645440	36454400	2.510747
3647488	36474880	2.492683
3649536	36495360	2.500759
3651584	36515840	1.415798
3653632	36536320	2.508107
3655680	36556800	2.501070
3657728	36577280	2.508646
3659776	36597760	1.427283
3661824	36618240	2.508826
3663872	36638720	2.521353
3665920	36659200	2.523234
3667968	36679680	2.515634
3670016	36700160	2.517535
3672064	36720640	2.515725
3674112	36741120	2.521304
3676160	36761600	2.520843
3678208	36782080	2.525970
3680256	36802560	2.529543
3682304	36823040	2.536743
3684352	36843520	2.521309
3686400	36864000	2.526410
3688448	36884480	2.543213
3690496	36904960	2.535228
3692544	36925440	2.516261
3694592	36945920	2.541722
3696640	36966400	2.543375
3698688	36986880	2.555155
3700736	37007360	2.536021
3702784	37027840	2.553266
3704832	37048320	2.547260
3706880	37068800	2.550234
3708928	37089280	2.541848
3710976	37109760	2.548284
3713024	37130240	2.548726
3715072	37150720	2.560188
3717120	37171200	1.448281
3719168	37191680	2.587990
3721216	37212160	2.756174
3723264	37232640	2.552838
3725312	37253120	2.560098
3727360	37273600	2.579600
3729408	37294080	2.565650
3731456	37314560	2.570756
3733504	37335040	2.564706
3735552	37355520	2.583321
3737600	37376000	2.551797
3739648	37396480	1.443074
3741696	37416960	2.486354
3743744	37437440	2.481676
3745792	37457920	1.440472
3747840	37478400	2.488018
3749888	37498880	2.511037
3751936	37519360	2.508820
3753984	37539840	2.514276
3756032	37560320	2.503701
3758080	37580800	2.500976
3760128	37601280	2.519462
3762176	37621760	2.496688
3764224	37642240	2.498832
3766272	37662720	2.511949
3768320	37683200	2.593829
3770368	37703680	2.516027
3772416	37724160	2.708568
3774464	37744640	2.512625
3776512	37765120	2.531259
3778560	37785600	2.519779
3780608	37806080	2.528658
3782656	37826560	2.522262
3784704	37847040	2.528794
3786752	37867520	2.520241
3788800	37888000	2.528721
3790848	37908480	2.521327
3792896	37928960	2.530508
3794944	37949440	2.542184
3796992	37969920	2.530659
3799040	37990400	2.546305
3801088	38010880	2.545617
3803136	38031360	2.616006
3805184	38051840	2.598404
3807232	38072320	2.601984
3809280	38092800	2.610410
3811328	38113280	2.619206
3813376	38133760	2.601671
3815424	38154240	2.617169
3817472	38174720	2.550899
3819520	38195200	2.568828
3821568	38215680	2.550825
3823616	38236160	2.539154
3825664	38256640	2.568781
3827712	38277120	2.568392
3829760	38297600	2.557882
3831808	38318080	2.559636
3833856	38338560	2.562589
3835904	38359040	2.566667
3837952	38379520	2.664836
3840000	38400000	2.639581
3842048	38420480	2.628679
3844096	38440960	2.629397
3846144	38461440	2.634369
3848192	38481920	2.565972
3850240	38502400	2.570038
3852288	38522880	2.571676
3854336	38543360	2.569026
3856384	38563840	2.575384
3858432	38584320	2.598379
3860480	38604800	2.590931
3862528	38625280	2.871957
3864576	38645760	2.760781
3866624	38666240	2.660548
3868672	38686720	2.822074
3870720	38707200	2.594941
3872768	38727680	1.473143
3874816	38748160	2.637922
3876864	38768640	2.618659
3878912	38789120	2.602473
3880960	38809600	2.604780
3883008	38830080	2.615525
3885056	38850560	2.723445
3887104	38871040	2.607005
3889152	38891520	2.613736
3891200	38912000	1.468178
3893248	38932480	2.682388
3895296	38952960	1.520850
3897344	38973440	2.627040
3899392	38993920	2.622924
3901440	39014400	2.591669
3903488	39034880	2.618144
3905536	39055360	2.614123
3907584	39075840	2.608968
3909632	39096320	2.646374
3911680	39116800	2.630122
3913728	39137280	2.621140
3915776	39157760	2.634619
3917824	39178240	2.624389
3919872	39198720	2.632992
3921920	39219200	2.639771
3923968	39239680	2.650225
3926016	39260160	2.792535
3928064	39280640	2.642557
3930112	39301120	2.645970
3932160	39321600	2.649395
3934208	39342080	2.667938
3936256	39362560	2.643264
3938304	39383040	2.652902
3940352	39403520	1.492054
3942400	39424000	2.643270
3944448	39444480	2.649953
3946496	39464960	2.631859
3948544	39485440	2.618244
3950592	39505920	2.642515
3952640	39526400	2.645172
3954688	39546880	2.642983
3956736	39567360	2.622695
3958784	39587840	2.635524
3960832	39608320	2.628356
3962880	39628800	2.628101
3964928	39649280	2.624388
3966976	39669760	2.629048
3969024	39690240	2.640355
3971072	39710720	3.051150
3973120	39731200	2.718679
3975168	39751680	1.566760
3977216	39772160	2.713948
3979264	39792640	2.746223
3981312	39813120	2.743789
3983360	39833600	2.764843
3985408	39854080	2.759492
3987456	39874560	1.566085
3989504	39895040	2.738388
3991552	39915520	2.732667
3993600	39936000	2.726955
3995648	39956480	3.010082
3997696	39976960	1.532053
3999744	39997440	2.762988
4001792	40017920	2.751464
4003840	40038400	2.739701
4005888	40058880	1.576870
4007936	40079360	2.751457
4009984	40099840	2.761997
4012032	40120320	2.780424
4014080	40140800	2.873102
4016128	40161280	2.762258
4018176	40181760	2.771114
4020224	40202240	2.769117
4022272	40222720	2.690900
4024320	40243200	2.676852
4026368	40263680	2.706942
4028416	40284160	2.712590
4030464	40304640	2.681498
4032512	40325120	2.710003
4034560	40345600	2.712546
4036608	40366080	2.720654
4038656	40386560	2.714409
4040704	40407040	1.525173
4042752	40427520	2.726015
4044800	40448000	2.716529
4046848	40468480	2.732754
4048896	40488960	1.528780
4050944	40509440	2.716741
4052992	40529920	2.739390
4055040	40550400	2.738596
4057088	40570880	2.716596
4059136	40591360	2.735557
4061184	40611840	2.738299
4063232	40632320	2.726427
4065280	40652800	2.742562
4067328	40673280	2.849547
4069376	40693760	2.745140
4071424	40714240	2.725762
4073472	40734720	2.930301
4075520	40755200	1.542741
4077568	40775680	2.742012
4079616	40796160	2.739061
4081664	40816640	2.752390
4083712	40837120	2.847159
4085760	40857600	2.759708
4087808	40878080	2.742712
4089856	40898560	1.548430
4091904	40919040	2.855185
4093952	40939520	1.582667
4096000	40960000	2.855652
4098048	40980480	2.834148
4100096	41000960	2.837524
4102144	41021440	2.845382
4104192	41041920	2.864779
4106240	41062400	2.865169
4108288	41082880	2.857771
4110336	41103360	2.855938
4112384	41123840	2.857210
4114432	41144320	2.851459
4116480	41164800	3.189043
4118528	41185280	2.860466
4120576	41205760	2.918349
4122624	41226240	1.899340
4124672	41246720	2.824197
4126720	41267200	2.834830
4128768	41287680	2.827720
4130816	41308160	2.832732
4132864	41328640	2.821128
4134912	41349120	2.806443
4136960	41369600	2.803365
4139008	41390080	2.805265
4141056	41410560	2.798288
4143104	41431040	2.813632
4145152	41451520	2.816937
4147200	41472000	2.795061
4149248	41492480	2.820628
4151296	41512960	2.829430
4153344	41533440	2.814373
4155392	41553920	2.793849
4157440	41574400	2.831323
4159488	41594880	2.822396
4161536	41615360	2.813003
4163584	41635840	2.818065
4165632	41656320	2.823396
4167680	41676800	2.846072
4169728	41697280	1.590973
4171776	41717760	2.832473
4173824	41738240	2.902076
4175872	41758720	2.912085
4177920	41779200	2.914395
4179968	41799680	1.594357
4182016	41820160	2.837810
4184064	41840640	1.589383
4186112	41861120	2.860532
4188160	41881600	1.607876
4190208	41902080	2.914081
4192256	41922560	1.628252
4194304	41943040	2.861771
4196352	41963520	2.873558
4198400	41984000	2.876779
4200448	42004480	2.914880
4202496	42024960	2.945452
4204544	42045440	2.946962
4206592	42065920	2.946175
4208640	42086400	2.944553
4210688	42106880	2.935852
4212736	42127360	3.270007
4214784	42147840	2.950541
4216832	42168320	2.935461
4218880	42188800	1.669296
4220928	42209280	2.909854
4222976	42229760	2.941255
4225024	42250240	2.920043
4227072	42270720	2.874496
4229120	42291200	2.845208
4231168	42311680	1.596000
4233216	42332160	2.835757
4235264	42352640	2.856586
4237312	42373120	2.843686
4239360	42393600	2.837180
4241408	42414080	2.847264
4243456	42434560	3.044577
4245504	42455040	2.852861
4247552	42475520	1.594737
4249600	42496000	2.879267
4251648	42516480	2.857840
4253696	42536960	2.854332
4255744	42557440	2.869887
4257792	42577920	2.885169
4259840	42598400	2.874003
4261888	42618880	2.890794
4263936	42639360	2.886705
4265984	42659840	2.886468
4268032	42680320	2.885694
4270080	42700800	2.880352
4272128	42721280	2.896107
4274176	42741760	2.959569
4276224	42762240	2.968077
4278272	42782720	2.973092
4280320	42803200	2.972313
4282368	42823680	2.983598
4284416	42844160	2.974718
4286464	42864640	2.978981
4288512	42885120	1.685430
4290560	42905600	2.965776
4292608	42926080	2.972215
4294656	42946560	2.964760
4296704	42967040	2.986742
4298752	42987520	3.100304
4300800	43008000	3.010559
4302848	43028480	3.028039
4304896	43048960	2.933205
4306944	43069440	2.941739
4308992	43089920	2.929006
4311040	43110400	2.931974
4313088	43130880	2.934339
4315136	43151360	3.032684
4317184	43171840	3.038511
4319232	43192320	3.050781
4321280	43212800	3.019551
4323328	43233280	1.698760
4325376	43253760	3.035379
4327424	43274240	1.707990
4329472	43294720	3.039749
4331520	43315200	3.034252
4333568	43335680	3.042887
4335616	43356160	3.040569
4337664	43376640	1.832927
4339712	43397120	3.039334
4341760	43417600	3.063324
4343808	43438080	2.971172
4345856	43458560	2.977735
4347904	43479040	2.981596
4349952	43499520	3.163339
4352000	43520000	1.878907
4354048	43540480	2.975844
4356096	43560960	2.999362
4358144	43581440	2.990367
4360192	43601920	3.012176
4362240	43622400	1.702072
4364288	43642880	2.998593
4366336	43663360	3.032247
4368384	43683840	3.022521
4370432	43704320	3.104395
4372480	43724800	3.108930
4374528	43745280	3.122901
4376576	43765760	3.272894
4378624	43786240	3.032214
4380672	43806720	3.016141
4382720	43827200	3.024216
4384768	43847680	3.109225
4386816	43868160	3.108319
4388864	43888640	3.116824
4390912	43909120	3.130568
4392960	43929600	3.130461
4395008	43950080	3.131426
4397056	43970560	3.134865
4399104	43991040	3.137215
4401152	44011520	3.146827
4403200	44032000	3.029033
4405248	44052480	3.179406
4407296	44072960	3.054577
4409344	44093440	3.227214
4411392	44113920	3.135660
4413440	44134400	3.049783
4415488	44154880	3.038093
4417536	44175360	3.089429
4419584	44195840	3.047810
4421632	44216320	3.053024
4423680	44236800	3.072839
4425728	44257280	3.072017
4427776	44277760	3.078275
4429824	44298240	3.063899
4431872	44318720	3.079922
4433920	44339200	3.074252
4435968	44359680	3.074024
4438016	44380160	3.092026
4440064	44400640	3.127041
4442112	44421120	3.112782
4444160	44441600	3.001014
4446208	44462080	3.072067
4448256	44482560	3.071531
4450304	44503040	3.067349
4452352	44523520	3.071514
4454400	44544000	3.073314
4456448	44564480	2.987017
4458496	44584960	2.982295
4460544	44605440	3.017516
4462592	44625920	3.006110
4464640	44646400	3.444125
4466688	44666880	3.072379
4468736	44687360	3.099267
4470784	44707840	3.079254
4472832	44728320	3.080760
4474880	44748800	3.064606
4476928	44769280	3.011674
4478976	44789760	3.000997
4481024	44810240	3.013699
4483072	44830720	3.011943
4485120	44851200	3.009266
4487168	44871680	3.011961
4489216	44892160	3.019044
4491264	44912640	3.013154
4493312	44933120	3.010674
4495360	44953600	3.019112
4497408	44974080	3.014700
4499456	44994560	3.030892
4501504	45015040	3.044456
4503552	45035520	3.012927
4505600	45056000	3.032722
4507648	45076480	3.028446
4509696	45096960	3.033292
4511744	45117440	3.033664
4513792	45137920	3.033972
4515840	45158400	3.040256
4517888	45178880	3.033251
4519936	45199360	3.026591
4521984	45219840	3.034814
4524032	45240320	3.046988
4526080	45260800	3.057187
4528128	45281280	3.042514
4530176	45301760	3.041111
4532224	45322240	3.038606
4534272	45342720	3.046052
4536320	45363200	3.194372
4538368	45383680	3.133315
4540416	45404160	3.054475
4542464	45424640	1.682966
4544512	45445120	3.063636
4546560	45465600	1.694224
4548608	45486080	3.062346
4550656	45506560	3.062125
4552704	45527040	3.133447
4554752	45547520	3.164648
4556800	45568000	3.153046
4558848	45588480	3.148147
4560896	45608960	3.485184
4562944	45629440	3.272438
4564992	45649920	1.740773
4567040	45670400	3.162921
4569088	45690880	1.732533
4571136	45711360	3.169058
4573184	45731840	3.168428
4575232	45752320	3.090859
4577280	45772800	3.187030
4579328	45793280	3.168261
4581376	45813760	3.170395
4583424	45834240	3.183082
4585472	45854720	3.183138
4587520	45875200	3.176533
4589568	45895680	3.182466
4591616	45916160	3.194695
4593664	45936640	3.175801
4595712	45957120	3.185893
4597760	45977600	1.764383
4599808	45998080	3.192440
4601856	46018560	1.763643
4603904	46039040	3.191671
4605952	46059520	3.194073
4608000	46080000	3.199008
4610048	46100480	3.205802
4612096	46120960	3.200324
4614144	46141440	3.212522
4616192	46161920	3.198855
4618240	46182400	3.206600
4620288	46202880	1.777787
4622336	46223360	3.209680
4624384	46243840	3.223386
4626432	46264320	3.226926
4628480	46284800	3.208566
4630528	46305280	3.215146
4632576	46325760	3.122812
4634624	46346240	3.141551
4636672	46366720	3.132773
4638720	46387200	3.499341
4640768	46407680	3.120518
4642816	46428160	3.143458
4644864	46448640	3.158323
4646912	46469120	3.133881
4648960	46489600	3.139230
4651008	46510080	3.144178
4653056	46530560	3.146579
4655104	46551040	3.163919
4657152	46571520	3.167029
4659200	46592000	3.156937
4661248	46612480	3.268830
4663296	46632960	3.281428
4665344	46653440	3.239400
4667392	46673920	3.242035
4669440	46694400	3.245768
4671488	46714880	3.225221
4673536	46735360	3.227406
4675584	46755840	3.233024
4677632	46776320	3.237156
4679680	46796800	3.237076
4681728	46817280	3.252280
4683776	46837760	3.243191
4685824	46858240	3.243679
4687872	46878720	1.785994
4689920	46899200	3.247836
4691968	46919680	3.257831
4694016	46940160	3.262494
4696064	46960640	3.169753
4698112	46981120	3.544345
4700160	47001600	3.263459
4702208	47022080	3.643755
4704256	47042560	3.266945
4706304	47063040	3.418121
4708352	47083520	3.268336
4710400	47104000	3.264640
4712448	47124480	3.269672
4714496	47144960	3.269094
4716544	47165440	3.273075
4718592	47185920	3.278032
4720640	47206400	3.277285
4722688	47226880	3.277001
4724736	47247360	3.275454
4726784	47267840	3.289551
4728832	47288320	3.279280
4730880	47308800	3.278986
4732928	47329280	3.283000
4734976	47349760	3.295246
4737024	47370240	3.287278
4739072	47390720	3.278275
4741120	47411200	3.288704
4743168	47431680	3.203434
4745216	47452160	3.198516
4747264	47472640	3.220122
4749312	47493120	3.197528
4751360	47513600	3.294629
4753408	47534080	3.314168
4755456	47554560	3.303120
4757504	47575040	3.327829
