0	0	0.000014
2048	8192	0.000761
4096	16384	0.002418
6144	24576	0.003934
8192	32768	0.003172
10240	40960	0.005703
12288	49152	0.007514
14336	57344	0.008582
16384	65536	0.007382
18432	73728	0.010938
20480	81920	0.012237
22528	90112	0.009173
24576	98304	0.010452
26624	106496	0.010853
28672	114688	0.011872
30720	122880	0.012641
32768	131072	0.015137
34816	139264	0.014964
36864	147456	0.015790
38912	155648	0.018282
40960	163840	0.019566
43008	172032	0.018226
45056	180224	0.019566
47104	188416	0.022196
49152	196608	0.022167
51200	204800	0.024199
53248	212992	0.025087
55296	221184	0.024542
57344	229376	0.025894
59392	237568	0.027214
61440	245760	0.027957
63488	253952	0.028776
65536	262144	0.029277
67584	270336	0.030147
69632	278528	0.033504
71680	286720	0.033617
73728	294912	0.038599
75776	303104	0.038084
77824	311296	0.037294
79872	319488	0.037263
81920	327680	0.042019
83968	335872	0.040780
86016	344064	0.041386
88064	352256	0.042027
90112	360448	0.042318
92160	368640	0.044802
94208	376832	0.047816
96256	385024	0.047752
98304	393216	0.046403
100352	401408	0.050370
102400	409600	0.050677
104448	417792	0.048217
106496	425984	0.050337
108544	434176	0.055109
110592	442368	0.062891
112640	450560	0.057549
114688	458752	0.061991
116736	466944	0.058615
118784	475136	0.067921
120832	483328	0.066506
122880	491520	0.060174
124928	499712	0.062512
126976	507904	0.074865
129024	516096	0.066083
131072	524288	0.063913
133120	532480	0.066351
135168	540672	0.065856
137216	548864	0.067572
139264	557056	0.067787
141312	565248	0.070273
143360	573440	0.071118
145408	581632	0.071571
147456	589824	0.072321
149504	598016	0.072938
151552	606208	0.076532
153600	614400	0.093334
155648	622592	0.099023
157696	630784	0.094986
159744	638976	0.081794
161792	647168	0.084872
163840	655360	0.087564
165888	663552	0.088674
167936	671744	0.088421
169984	679936	0.090414
172032	688128	0.103219
174080	696320	0.087243
176128	704512	0.088883
178176	712704	0.116054
180224	720896	0.095855
182272	729088	0.091503
184320	737280	0.094896
186368	745472	0.122856
188416	753664	0.096982
190464	761856	0.099937
192512	770048	0.115663
194560	778240	0.156179
196608	786432	0.145491
198656	794624	0.154897
200704	802816	0.127632
202752	811008	0.139559
204800	819200	0.140062
206848	827392	0.140093
208896	835584	0.131852
210944	843776	0.127531
212992	851968	0.139084
215040	860160	0.134205
217088	868352	0.128653
219136	876544	0.131546
221184	884736	0.168180
223232	892928	0.179117
225280	901120	0.133925
227328	909312	0.211575
229376	917504	0.192718
231424	925696	0.183728
233472	933888	0.155551
235520	942080	0.145264
237568	950272	0.191355
239616	958464	0.145792
241664	966656	0.134274
243712	974848	0.155693
245760	983040	0.136945
247808	991232	0.137834
249856	999424	0.141079
251904	1007616	0.160111
253952	1015808	0.148317
256000	1024000	0.148094
258048	1032192	0.142071
260096	1040384	0.147738
262144	1048576	0.144961
264192	1056768	0.147847
266240	1064960	0.155615
268288	1073152	0.157829
270336	1081344	0.161189
272384	1089536	0.153422
274432	1097728	0.158562
276480	1105920	0.157772
278528	1114112	0.164199
280576	1122304	0.163852
282624	1130496	0.165596
284672	1138688	0.161201
286720	1146880	0.163739
288768	1155072	0.164024
290816	1163264	0.171530
292864	1171456	0.178543
294912	1179648	0.172611
296960	1187840	0.166371
299008	1196032	0.167722
301056	1204224	0.171528
303104	1212416	0.169112
305152	1220608	0.171336
307200	1228800	0.175010
309248	1236992	0.172484
311296	1245184	0.176550
313344	1253376	0.177454
315392	1261568	0.184261
317440	1269760	0.179062
319488	1277952	0.178812
321536	1286144	0.179002
323584	1294336	0.183913
325632	1302528	0.186142
327680	1310720	0.184525
329728	1318912	0.186765
331776	1327104	0.185744
333824	1335296	0.190356
335872	1343488	0.192699
337920	1351680	0.192589
339968	1359872	0.194943
342016	1368064	0.245308
344064	1376256	0.181461
346112	1384448	0.199454
348160	1392640	0.207144
350208	1400832	0.209917
352256	1409024	0.205252
354304	1417216	0.210439
356352	1425408	0.212066
358400	1433600	0.204456
360448	1441792	0.204926
362496	1449984	0.228047
364544	1458176	0.207961
366592	1466368	0.204139
368640	1474560	0.207562
370688	1482752	0.207590
372736	1490944	0.209626
374784	1499136	0.208998
376832	1507328	0.217722
378880	1515520	0.210374
380928	1523712	0.204088
382976	1531904	0.210871
385024	1540096	0.213440
387072	1548288	0.204775
389120	1556480	0.204353
391168	1564672	0.210232
393216	1572864	0.206793
395264	1581056	0.208883
397312	1589248	0.210493
399360	1597440	0.210043
401408	1605632	0.211468
403456	1613824	0.208117
405504	1622016	0.211239
407552	1630208	0.213212
409600	1638400	0.210851
411648	1646592	0.212894
413696	1654784	0.213171
415744	1662976	0.214243
417792	1671168	0.239061
419840	1679360	0.237705
421888	1687552	0.243450
423936	1695744	0.230391
425984	1703936	0.234719
428032	1712128	0.227111
430080	1720320	0.230706
432128	1728512	0.308526
434176	1736704	0.259263
436224	1744896	0.255982
438272	1753088	0.259836
440320	1761280	0.267033
442368	1769472	0.259260
444416	1777664	0.256916
446464	1785856	0.262150
448512	1794048	0.263797
450560	1802240	0.264660
452608	1810432	0.262486
454656	1818624	0.269950
456704	1826816	0.266545
458752	1835008	0.274509
460800	1843200	0.268665
462848	1851392	0.276619
464896	1859584	0.279800
466944	1867776	0.285279
468992	1875968	0.274169
471040	1884160	0.280281
473088	1892352	0.338543
475136	1900544	0.275066
477184	1908736	0.273647
479232	1916928	0.273226
481280	1925120	0.275410
483328	1933312	0.286515
485376	1941504	0.306602
487424	1949696	0.285155
489472	1957888	0.300336
491520	1966080	0.282806
493568	1974272	0.288198
495616	1982464	0.299513
497664	1990656	0.291452
499712	1998848	0.291709
501760	2007040	0.293782
503808	2015232	0.292948
505856	2023424	0.303200
507904	2031616	0.301223
509952	2039808	0.302268
512000	2048000	0.298312
514048	2056192	0.306710
516096	2064384	0.298608
518144	2072576	0.310517
520192	2080768	0.310750
522240	2088960	0.310657
524288	2097152	0.310836
526336	2105344	0.321618
528384	2113536	0.349799
530432	2121728	0.338000
532480	2129920	0.381939
534528	2138112	0.352981
536576	2146304	0.356606
538624	2154496	0.355996
540672	2162688	0.343172
542720	2170880	0.343403
544768	2179072	0.353368
546816	2187264	0.375207
548864	2195456	0.363028
550912	2203648	0.389412
552960	2211840	0.373498
555008	2220032	0.389478
557056	2228224	0.377410
559104	2236416	0.408058
561152	2244608	0.366094
563200	2252800	0.339329
565248	2260992	0.393985
567296	2269184	0.376726
569344	2277376	0.380571
571392	2285568	0.388914
573440	2293760	0.346825
575488	2301952	0.339671
577536	2310144	0.373695
579584	2318336	0.377165
581632	2326528	0.378379
583680	2334720	0.388628
585728	2342912	0.393074
587776	2351104	0.385533
589824	2359296	0.386929
591872	2367488	0.391190
593920	2375680	0.404396
595968	2383872	0.452221
598016	2392064	0.393333
600064	2400256	0.376063
602112	2408448	0.386727
604160	2416640	0.393307
606208	2424832	0.390963
608256	2433024	0.396300
610304	2441216	0.392415
612352	2449408	0.394478
614400	2457600	0.394189
616448	2465792	0.397509
618496	2473984	0.405956
620544	2482176	0.398436
622592	2490368	0.390767
624640	2498560	0.479214
626688	2506752	0.407743
628736	2514944	0.406832
630784	2523136	0.395871
632832	2531328	0.410423
634880	2539520	0.419758
636928	2547712	0.400806
638976	2555904	0.397631
641024	2564096	0.407728
643072	2572288	0.412702
645120	2580480	0.410671
647168	2588672	0.412490
649216	2596864	0.417175
651264	2605056	0.411429
653312	2613248	0.414749
655360	2621440	0.414546
657408	2629632	0.416857
659456	2637824	0.415744
661504	2646016	0.567911
663552	2654208	0.513168
665600	2662400	0.479156
667648	2670592	0.398114
669696	2678784	0.409028
671744	2686976	0.403708
673792	2695168	0.397170
675840	2703360	0.407569
677888	2711552	0.402024
679936	2719744	0.408155
681984	2727936	0.421692
684032	2736128	0.492189
686080	2744320	0.432720
688128	2752512	0.420544
690176	2760704	0.425830
692224	2768896	0.420185
694272	2777088	0.415016
696320	2785280	0.426315
698368	2793472	0.432080
700416	2801664	0.427903
702464	2809856	0.516959
704512	2818048	0.422123
706560	2826240	0.432040
708608	2834432	0.425903
710656	2842624	0.433904
712704	2850816	0.430838
714752	2859008	0.441009
716800	2867200	0.442832
718848	2875392	0.529662
720896	2883584	0.532512
722944	2891776	0.469544
724992	2899968	0.634246
727040	2908160	0.425858
729088	2916352	0.452639
731136	2924544	0.475439
733184	2932736	0.431403
735232	2940928	0.433120
737280	2949120	0.444496
739328	2957312	0.441338
741376	2965504	0.445886
743424	2973696	0.450249
745472	2981888	0.448901
747520	2990080	0.458659
749568	2998272	0.511878
751616	3006464	0.459102
753664	3014656	0.450576
755712	3022848	0.449062
757760	3031040	0.452332
759808	3039232	0.478077
761856	3047424	0.457983
763904	3055616	0.464282
765952	3063808	0.524319
768000	3072000	0.473366
770048	3080192	0.469102
772096	3088384	0.485454
774144	3096576	0.463805
776192	3104768	0.467254
778240	3112960	0.477650
780288	3121152	0.475820
782336	3129344	0.474023
784384	3137536	0.547025
786432	3145728	0.462247
788480	3153920	0.474799
790528	3162112	0.472751
792576	3170304	0.482804
794624	3178496	0.487824
796672	3186688	0.478546
798720	3194880	0.482872
800768	3203072	0.510477
802816	3211264	0.480722
804864	3219456	0.493060
806912	3227648	0.490411
808960	3235840	0.497360
811008	3244032	0.490123
813056	3252224	0.492374
815104	3260416	0.492927
817152	3268608	0.491604
819200	3276800	0.491196
821248	3284992	0.510950
823296	3293184	0.509701
825344	3301376	0.505140
827392	3309568	0.499356
829440	3317760	0.515246
831488	3325952	0.515429
833536	3334144	0.507472
835584	3342336	0.506208
837632	3350528	0.497442
839680	3358720	0.581791
841728	3366912	0.542855
843776	3375104	0.528295
845824	3383296	0.515458
847872	3391488	0.525550
849920	3399680	0.512943
851968	3407872	0.573968
854016	3416064	0.552021
856064	3424256	0.535078
858112	3432448	0.601887
860160	3440640	0.531378
862208	3448832	0.526131
864256	3457024	0.511917
866304	3465216	0.595651
868352	3473408	0.704193
870400	3481600	0.568252
872448	3489792	0.510084
874496	3497984	0.522027
876544	3506176	0.513097
878592	3514368	0.527765
880640	3522560	0.521707
882688	3530752	0.527037
884736	3538944	0.519448
886784	3547136	0.526638
888832	3555328	0.520205
890880	3563520	0.538528
892928	3571712	0.529956
894976	3579904	0.533103
897024	3588096	0.524351
899072	3596288	0.522928
901120	3604480	0.524093
903168	3612672	0.529394
905216	3620864	0.530004
907264	3629056	0.531162
909312	3637248	0.537994
911360	3645440	0.536820
913408	3653632	0.553762
915456	3661824	0.543399
917504	3670016	0.538529
919552	3678208	0.546910
921600	3686400	0.543444
923648	3694592	0.596249
925696	3702784	0.544153
927744	3710976	0.553902
929792	3719168	0.548233
931840	3727360	0.558124
933888	3735552	0.552254
935936	3743744	0.557782
937984	3751936	0.555486
940032	3760128	0.551673
942080	3768320	0.552122
944128	3776512	0.684650
946176	3784704	0.554256
948224	3792896	0.559061
950272	3801088	0.561519
952320	3809280	0.570500
954368	3817472	0.562516
956416	3825664	0.563152
958464	3833856	0.573121
960512	3842048	0.570514
962560	3850240	0.570009
964608	3858432	0.614554
966656	3866624	0.573945
968704	3874816	0.577550
970752	3883008	0.630110
972800	3891200	0.577058
974848	3899392	0.580555
976896	3907584	0.616998
978944	3915776	0.586016
980992	3923968	0.647756
983040	3932160	0.607486
985088	3940352	0.605611
987136	3948544	0.590887
989184	3956736	0.645510
991232	3964928	0.601897
993280	3973120	0.677665
995328	3981312	0.593124
997376	3989504	0.589938
999424	3997696	0.590601
1001472	4005888	0.595376
1003520	4014080	0.603846
1005568	4022272	0.588225
1007616	4030464	0.598981
1009664	4038656	0.597057
1011712	4046848	0.594567
1013760	4055040	0.862321
1015808	4063232	0.587580
1017856	4071424	0.573254
1019904	4079616	0.658989
1021952	4087808	0.589111
1024000	4096000	0.571210
1026048	4104192	0.578239
1028096	4112384	0.579108
1030144	4120576	0.578406
1032192	4128768	0.584826
1034240	4136960	0.787117
1036288	4145152	0.583893
1038336	4153344	0.616788
1040384	4161536	0.638376
1042432	4169728	0.589786
1044480	4177920	0.620723
1046528	4186112	0.648998
1048576	4194304	0.603660
1050624	4202496	0.586264
1052672	4210688	0.640640
1054720	4218880	0.668193
1056768	4227072	0.596454
1058816	4235264	0.603293
1060864	4243456	0.613712
1062912	4251648	0.593500
1064960	4259840	0.596998
1067008	4268032	0.595005
1069056	4276224	0.599224
1071104	4284416	0.591182
1073152	4292608	0.597828
1075200	4300800	0.597823
1077248	4308992	0.600257
1079296	4317184	0.666113
1081344	4325376	0.644320
1083392	4333568	0.653911
1085440	4341760	0.782439
1087488	4349952	0.671825
1089536	4358144	0.668253
1091584	4366336	0.666384
1093632	4374528	0.669551
1095680	4382720	0.659482
1097728	4390912	0.714715
1099776	4399104	0.664349
1101824	4407296	0.729894
1103872	4415488	0.692942
1105920	4423680	0.670195
1107968	4431872	0.693835
1110016	4440064	0.686698
1112064	4448256	0.699928
1114112	4456448	0.706875
1116160	4464640	0.679959
1118208	4472832	0.674482
1120256	4481024	0.691880
1122304	4489216	0.676199
1124352	4497408	0.684512
1126400	4505600	0.776923
1128448	4513792	0.857500
1130496	4521984	0.829167
1132544	4530176	0.747908
1134592	4538368	0.751498
1136640	4546560	0.748281
1138688	4554752	0.759773
1140736	4562944	0.762964
1142784	4571136	0.753832
1144832	4579328	0.757013
1146880	4587520	0.819862
1148928	4595712	0.837445
1150976	4603904	0.755773
1153024	4612096	0.754987
1155072	4620288	0.747831
1157120	4628480	0.762495
1159168	4636672	0.738119
1161216	4644864	0.803184
1163264	4653056	0.744146
1165312	4661248	0.744001
1167360	4669440	0.751944
1169408	4677632	0.749902
1171456	4685824	0.757653
1173504	4694016	0.752442
1175552	4702208	0.765874
1177600	4710400	0.755287
1179648	4718592	0.759113
1181696	4726784	0.759235
1183744	4734976	0.760250
1185792	4743168	0.760054
1187840	4751360	0.709457
1189888	4759552	0.705987
1191936	4767744	0.717683
1193984	4775936	0.712123
1196032	4784128	0.714969
1198080	4792320	0.773954
1200128	4800512	0.792287
1202176	4808704	0.785040
1204224	4816896	0.778267
1206272	4825088	0.778101
1208320	4833280	0.787148
1210368	4841472	0.786610
1212416	4849664	0.789978
1214464	4857856	0.783798
1216512	4866048	0.790061
1218560	4874240	0.799030
1220608	4882432	0.791113
1222656	4890624	0.789802
1224704	4898816	0.801227
1226752	4907008	0.795114
1228800	4915200	0.803874
1230848	4923392	0.795798
1232896	4931584	0.876130
1234944	4939776	0.967163
1236992	4947968	0.821469
1239040	4956160	0.843024
1241088	4964352	0.812940
1243136	4972544	0.815679
1245184	4980736	0.814799
1247232	4988928	0.824496
1249280	4997120	0.841460
1251328	5005312	0.824304
1253376	5013504	0.822327
1255424	5021696	0.835618
1257472	5029888	0.844467
1259520	5038080	0.823608
1261568	5046272	0.831732
1263616	5054464	0.836175
1265664	5062656	0.851322
1267712	5070848	0.834273
1269760	5079040	0.834748
1271808	5087232	0.850364
1273856	5095424	0.842015
1275904	5103616	0.839240
1277952	5111808	0.783201
1280000	5120000	0.843957
1282048	5128192	0.851573
1284096	5136384	0.854459
1286144	5144576	0.859287
1288192	5152768	0.861753
1290240	5160960	0.849296
1292288	5169152	0.865582
1294336	5177344	0.848162
1296384	5185536	0.859993
1298432	5193728	0.858760
1300480	5201920	0.855408
1302528	5210112	0.871644
1304576	5218304	0.873893
1306624	5226496	0.863825
1308672	5234688	0.864429
1310720	5242880	0.863490
1312768	5251072	0.865749
1314816	5259264	0.875492
1316864	5267456	0.869519
1318912	5275648	0.868879
1320960	5283840	0.871098
1323008	5292032	0.869977
1325056	5300224	0.880799
1327104	5308416	0.866928
1329152	5316608	0.880843
1331200	5324800	0.913495
1333248	5332992	0.890269
1335296	5341184	0.996634
1337344	5349376	0.906093
1339392	5357568	0.905119
1341440	5365760	0.905941
1343488	5373952	0.907372
1345536	5382144	0.932659
1347584	5390336	0.939978
1349632	5398528	0.944862
1351680	5406720	0.994205
1353728	5414912	0.942750
1355776	5423104	0.947631
1357824	5431296	0.949902
1359872	5439488	0.965523
1361920	5447680	0.981176
1363968	5455872	0.940784
1366016	5464064	0.952126
1368064	5472256	0.964362
1370112	5480448	0.944525
1372160	5488640	0.958232
1374208	5496832	0.944988
1376256	5505024	0.949138
1378304	5513216	0.959659
1380352	5521408	0.971162
1382400	5529600	0.972634
1384448	5537792	0.977328
1386496	5545984	0.971939
1388544	5554176	0.970499
1390592	5562368	0.953647
1392640	5570560	0.968474
1394688	5578752	0.947985
1396736	5586944	0.975979
1398784	5595136	0.976866
1400832	5603328	0.973045
1402880	5611520	0.962702
1404928	5619712	0.973598
1406976	5627904	0.982385
1409024	5636096	0.976682
1411072	5644288	0.997371
1413120	5652480	0.971287
1415168	5660672	0.983523
1417216	5668864	1.075943
1419264	5677056	0.919707
1421312	5685248	0.913052
1423360	5693440	1.179553
1425408	5701632	0.959785
1427456	5709824	0.919977
1429504	5718016	0.920763
1431552	5726208	1.099606
1433600	5734400	0.879466
1435648	5742592	0.965771
1437696	5750784	1.184917
1439744	5758976	1.010201
1441792	5767168	0.994737
1443840	5775360	0.999212
1445888	5783552	1.040028
1447936	5791744	0.999667
1449984	5799936	1.029430
1452032	5808128	1.013459
1454080	5816320	1.000098
1456128	5824512	1.033018
1458176	5832704	1.016975
1460224	5840896	1.009418
1462272	5849088	1.005732
1464320	5857280	1.044196
1466368	5865472	1.027588
1468416	5873664	1.031390
1470464	5881856	1.030405
1472512	5890048	1.029701
1474560	5898240	1.022484
1476608	5906432	1.026636
1478656	5914624	1.037672
1480704	5922816	1.030998
1482752	5931008	1.046429
1484800	5939200	1.044614
1486848	5947392	1.035016
1488896	5955584	1.031745
1490944	5963776	1.050002
1492992	5971968	1.045767
1495040	5980160	1.077820
1497088	5988352	1.254848
1499136	5996544	1.073917
1501184	6004736	1.057149
1503232	6012928	1.214475
1505280	6021120	1.044127
1507328	6029312	1.045946
1509376	6037504	1.037532
1511424	6045696	1.042341
1513472	6053888	1.046292
1515520	6062080	1.082752
1517568	6070272	1.028828
1519616	6078464	1.025895
1521664	6086656	1.038526
1523712	6094848	1.079025
1525760	6103040	1.096828
1527808	6111232	1.067561
1529856	6119424	1.041364
1531904	6127616	1.045662
1533952	6135808	1.045492
1536000	6144000	1.219701
1538048	6152192	1.315621
1540096	6160384	1.372803
1542144	6168576	1.278942
1544192	6176768	1.330862
1546240	6184960	1.022987
1548288	6193152	1.088661
1550336	6201344	1.082079
1552384	6209536	1.115694
1554432	6217728	1.100065
1556480	6225920	1.271795
1558528	6234112	0.977415
1560576	6242304	0.965458
1562624	6250496	0.967465
1564672	6258688	1.051544
1566720	6266880	1.076663
1568768	6275072	0.998084
1570816	6283264	1.018839
1572864	6291456	1.001023
1574912	6299648	1.018824
1576960	6307840	1.036903
1579008	6316032	1.000638
1581056	6324224	1.085993
1583104	6332416	0.997331
1585152	6340608	1.010324
1587200	6348800	0.991334
1589248	6356992	1.044311
1591296	6365184	0.998012
1593344	6373376	0.991055
1595392	6381568	0.992971
1597440	6389760	0.993967
1599488	6397952	0.992733
1601536	6406144	0.934652
1603584	6414336	0.943497
1605632	6422528	0.979871
1607680	6430720	0.945235
1609728	6438912	0.936191
1611776	6447104	0.932335
1613824	6455296	0.937464
1615872	6463488	0.981731
1617920	6471680	0.933252
1619968	6479872	1.016212
1622016	6488064	1.006933
1624064	6496256	1.013125
1626112	6504448	1.014676
1628160	6512640	1.017640
1630208	6520832	1.036074
1632256	6529024	1.013292
1634304	6537216	1.017165
1636352	6545408	1.018543
1638400	6553600	1.024663
1640448	6561792	1.018860
1642496	6569984	1.028869
1644544	6578176	1.033189
1646592	6586368	1.344632
1648640	6594560	1.047332
1650688	6602752	1.057504
1652736	6610944	1.040819
1654784	6619136	1.050136
1656832	6627328	1.043511
1658880	6635520	1.038414
1660928	6643712	1.039442
1662976	6651904	1.041908
1665024	6660096	1.081603
1667072	6668288	1.043104
1669120	6676480	1.194441
1671168	6684672	1.358297
1673216	6692864	1.176896
1675264	6701056	1.175486
1677312	6709248	1.174617
1679360	6717440	1.350878
1681408	6725632	1.171927
1683456	6733824	1.212389
1685504	6742016	1.199108
1687552	6750208	1.175086
1689600	6758400	1.111529
1691648	6766592	1.367240
1693696	6774784	1.201733
1695744	6782976	1.383729
1697792	6791168	1.182554
1699840	6799360	1.198840
1701888	6807552	1.182167
1703936	6815744	1.215426
1705984	6823936	1.134631
1708032	6832128	1.102443
1710080	6840320	1.126600
1712128	6848512	1.136791
1714176	6856704	1.121248
1716224	6864896	1.110127
1718272	6873088	1.082511
1720320	6881280	1.119106
1722368	6889472	1.112076
1724416	6897664	1.196868
1726464	6905856	1.099503
1728512	6914048	1.211997
1730560	6922240	1.191410
1732608	6930432	1.181702
1734656	6938624	1.333133
1736704	6946816	1.155056
1738752	6955008	1.114156
1740800	6963200	1.076774
1742848	6971392	1.137956
1744896	6979584	1.077044
1746944	6987776	1.090451
1748992	6995968	1.111947
1751040	7004160	1.073798
1753088	7012352	1.074097
1755136	7020544	1.072011
1757184	7028736	1.079653
1759232	7036928	1.124371
1761280	7045120	1.075445
1763328	7053312	1.077545
1765376	7061504	1.078001
1767424	7069696	1.083457
1769472	7077888	1.112825
1771520	7086080	1.080483
1773568	7094272	1.087536
1775616	7102464	1.087561
1777664	7110656	1.093060
1779712	7118848	1.089097
1781760	7127040	1.090302
1783808	7135232	1.109693
1785856	7143424	1.117520
1787904	7151616	1.090611
1789952	7159808	1.093912
1792000	7168000	1.092888
1794048	7176192	1.099533
1796096	7184384	1.526500
1798144	7192576	1.436911
1800192	7200768	1.177342
1802240	7208960	1.282877
1804288	7217152	1.384986
1806336	7225344	1.235420
1808384	7233536	1.383848
1810432	7241728	1.474858
1812480	7249920	1.439561
1814528	7258112	1.177545
1816576	7266304	1.154556
1818624	7274496	1.180231
1820672	7282688	1.165103
1822720	7290880	1.175837
1824768	7299072	1.161960
1826816	7307264	1.174388
1828864	7315456	1.141842
1830912	7323648	1.173492
1832960	7331840	1.178499
1835008	7340032	1.176378
1837056	7348224	1.185925
1839104	7356416	1.176104
1841152	7364608	1.181873
1843200	7372800	1.176197
1845248	7380992	1.158323
1847296	7389184	1.183867
1849344	7397376	1.465318
1851392	7405568	1.195537
1853440	7413760	1.190830
1855488	7421952	1.439080
1857536	7430144	1.163538
1859584	7438336	1.158801
1861632	7446528	1.160726
1863680	7454720	1.157194
1865728	7462912	1.230605
1867776	7471104	1.176812
1869824	7479296	1.169078
1871872	7487488	1.179515
1873920	7495680	1.180559
1875968	7503872	1.164857
1878016	7512064	1.170087
1880064	7520256	1.173802
1882112	7528448	1.180862
1884160	7536640	1.186900
1886208	7544832	1.176339
1888256	7553024	1.167941
1890304	7561216	1.178503
1892352	7569408	1.190855
1894400	7577600	1.178219
1896448	7585792	1.180385
1898496	7593984	1.183212
1900544	7602176	1.242558
1902592	7610368	1.379173
1904640	7618560	1.213442
1906688	7626752	1.339230
1908736	7634944	1.234069
1910784	7643136	1.215032
1912832	7651328	1.234136
1914880	7659520	1.419831
1916928	7667712	1.316986
1918976	7675904	1.518995
1921024	7684096	1.223562
1923072	7692288	1.502635
1925120	7700480	1.234829
1927168	7708672	1.228940
1929216	7716864	1.228733
1931264	7725056	1.245255
1933312	7733248	1.218421
1935360	7741440	1.264473
1937408	7749632	1.238953
1939456	7757824	1.248237
1941504	7766016	1.237169
1943552	7774208	1.300869
1945600	7782400	1.224174
1947648	7790592	1.234034
1949696	7798784	1.236067
1951744	7806976	1.252659
1953792	7815168	1.260042
1955840	7823360	1.245679
1957888	7831552	1.307492
1959936	7839744	1.272579
1961984	7847936	1.262910
1964032	7856128	1.261587
1966080	7864320	1.265333
1968128	7872512	1.278424
1970176	7880704	1.354768
1972224	7888896	1.364913
1974272	7897088	1.631564
1976320	7905280	1.333134
1978368	7913472	1.297844
1980416	7921664	1.454502
1982464	7929856	1.354056
1984512	7938048	1.459458
1986560	7946240	1.323310
1988608	7954432	1.329773
1990656	7962624	1.299929
1992704	7970816	1.316888
1994752	7979008	1.416015
1996800	7987200	1.301406
1998848	7995392	1.323676
2000896	8003584	1.485161
2002944	8011776	1.405006
2004992	8019968	1.318151
2007040	8028160	1.283380
2009088	8036352	1.333959
2011136	8044544	1.283188
2013184	8052736	1.283947
2015232	8060928	1.284678
2017280	8069120	1.298720
2019328	8077312	1.304648
2021376	8085504	1.293909
2023424	8093696	1.416206
2025472	8101888	1.391087
2027520	8110080	1.458671
2029568	8118272	1.411806
2031616	8126464	1.414783
2033664	8134656	1.387797
2035712	8142848	1.428664
2037760	8151040	1.406588
2039808	8159232	1.414301
2041856	8167424	1.457466
2043904	8175616	1.440102
2045952	8183808	1.407186
2048000	8192000	1.374379
2050048	8200192	1.449608
2052096	8208384	1.699148
2054144	8216576	1.454381
2056192	8224768	1.500169
2058240	8232960	1.494734
2060288	8241152	1.472962
2062336	8249344	1.644716
2064384	8257536	1.457344
2066432	8265728	1.504015
2068480	8273920	1.506396
2070528	8282112	1.471015
2072576	8290304	1.474544
2074624	8298496	1.478581
2076672	8306688	1.485354
2078720	8314880	1.458553
2080768	8323072	1.504250
2082816	8331264	1.493026
2084864	8339456	1.546012
2086912	8347648	1.855077
2088960	8355840	1.488175
2091008	8364032	1.828224
2093056	8372224	1.498074
2095104	8380416	1.472102
2097152	8388608	1.544100
2099200	8396800	1.506358
2101248	8404992	1.515623
2103296	8413184	1.474990
2105344	8421376	1.469935
2107392	8429568	1.494389
2109440	8437760	1.610220
2111488	8445952	1.576409
2113536	8454144	1.561280
2115584	8462336	1.484030
2117632	8470528	1.510950
2119680	8478720	1.503791
2121728	8486912	1.479196
2123776	8495104	1.532256
2125824	8503296	1.493697
2127872	8511488	1.526061
2129920	8519680	1.524990
2131968	8527872	1.492417
2134016	8536064	1.563912
2136064	8544256	1.520338
2138112	8552448	1.562019
2140160	8560640	1.522177
2142208	8568832	1.513894
2144256	8577024	1.522897
2146304	8585216	1.557184
2148352	8593408	1.545439
2150400	8601600	1.542926
2152448	8609792	1.536239
2154496	8617984	1.534376
2156544	8626176	1.519951
2158592	8634368	1.775823
2160640	8642560	1.635405
2162688	8650752	1.548614
2164736	8658944	1.555426
2166784	8667136	1.538929
2168832	8675328	1.548295
2170880	8683520	1.536058
2172928	8691712	1.545188
2174976	8699904	1.530051
2177024	8708096	1.525106
2179072	8716288	1.536707
2181120	8724480	1.652547
2183168	8732672	1.557121
2185216	8740864	1.552160
2187264	8749056	1.539874
2189312	8757248	1.537821
2191360	8765440	1.564980
2193408	8773632	1.559733
2195456	8781824	1.571195
2197504	8790016	1.558407
2199552	8798208	1.560478
2201600	8806400	1.562316
2203648	8814592	1.551056
2205696	8822784	1.584486
2207744	8830976	1.609943
2209792	8839168	1.589397
2211840	8847360	1.583887
2213888	8855552	1.584269
2215936	8863744	1.785097
2217984	8871936	1.601411
2220032	8880128	1.587556
2222080	8888320	1.565045
2224128	8896512	1.602335
2226176	8904704	1.599755
2228224	8912896	1.503456
2230272	8921088	1.464371
2232320	8929280	1.490576
2234368	8937472	1.317219
2236416	8945664	1.336969
2238464	8953856	1.409781
2240512	8962048	1.298124
2242560	8970240	1.308768
2244608	8978432	1.311947
2246656	8986624	1.315662
2248704	8994816	1.315486
2250752	9003008	1.302797
2252800	9011200	1.304937
2254848	9019392	1.325057
2256896	9027584	1.312787
2258944	9035776	1.425605
2260992	9043968	1.416268
2263040	9052160	1.420327
2265088	9060352	1.416437
2267136	9068544	1.402510
2269184	9076736	1.417773
2271232	9084928	1.423497
2273280	9093120	1.411392
2275328	9101312	1.417030
2277376	9109504	1.423255
2279424	9117696	1.419241
2281472	9125888	1.433999
2283520	9134080	1.424178
2285568	9142272	1.423575
2287616	9150464	1.448652
2289664	9158656	1.442272
2291712	9166848	1.430469
2293760	9175040	1.431793
2295808	9183232	1.459980
2297856	9191424	1.448610
2299904	9199616	1.444243
2301952	9207808	1.441193
2304000	9216000	1.440161
2306048	9224192	1.438707
2308096	9232384	1.466095
2310144	9240576	1.439478
2312192	9248768	1.461672
2314240	9256960	1.445078
2316288	9265152	1.448340
2318336	9273344	1.450438
2320384	9281536	1.466715
2322432	9289728	1.450670
2324480	9297920	1.449272
2326528	9306112	1.455189
2328576	9314304	1.457193
2330624	9322496	1.458096
2332672	9330688	1.458966
2334720	9338880	1.446502
2336768	9347072	1.467655
2338816	9355264	1.460597
2340864	9363456	1.474886
2342912	9371648	1.470120
2344960	9379840	1.484541
2347008	9388032	1.480702
2349056	9396224	1.463911
2351104	9404416	1.480524
2353152	9412608	1.494635
2355200	9420800	1.498812
2357248	9428992	1.540940
2359296	9437184	1.567791
2361344	9445376	1.491144
2363392	9453568	1.535003
2365440	9461760	1.416539
2367488	9469952	1.489245
2369536	9478144	1.565536
2371584	9486336	1.492157
2373632	9494528	1.387423
2375680	9502720	1.487882
2377728	9510912	1.486133
2379776	9519104	1.503711
2381824	9527296	1.483633
2383872	9535488	1.518228
2385920	9543680	1.486359
2387968	9551872	1.503106
2390016	9560064	1.494113
2392064	9568256	1.486756
2394112	9576448	1.491891
2396160	9584640	1.513281
2398208	9592832	1.506286
2400256	9601024	1.495718
2402304	9609216	1.500429
2404352	9617408	1.496709
2406400	9625600	1.503867
2408448	9633792	1.514427
2410496	9641984	1.497918
2412544	9650176	1.511568
2414592	9658368	1.526599
2416640	9666560	1.535725
2418688	9674752	1.537451
2420736	9682944	1.530204
2422784	9691136	1.547659
2424832	9699328	1.542930
2426880	9707520	1.517411
2428928	9715712	1.517705
2430976	9723904	1.519459
2433024	9732096	1.522076
2435072	9740288	1.537946
2437120	9748480	1.555795
2439168	9756672	1.557447
2441216	9764864	1.545990
2443264	9773056	1.537244
2445312	9781248	1.529759
2447360	9789440	1.498585
2449408	9797632	1.456810
2451456	9805824	1.436222
2453504	9814016	1.431656
2455552	9822208	1.342540
2457600	9830400	1.420563
2459648	9838592	1.333335
2461696	9846784	1.343126
2463744	9854976	1.346150
2465792	9863168	1.345346
2467840	9871360	1.305434
2469888	9879552	1.341317
2471936	9887744	1.337251
2473984	9895936	1.404069
2476032	9904128	1.410627
2478080	9912320	1.446931
2480128	9920512	1.311864
2482176	9928704	1.330315
2484224	9936896	1.318309
2486272	9945088	1.315682
2488320	9953280	1.324733
2490368	9961472	1.329116
2492416	9969664	1.297687
2494464	9977856	1.287203
2496512	9986048	1.312645
2498560	9994240	1.339798
2500608	10002432	1.323437
2502656	10010624	1.311308
2504704	10018816	1.303322
2506752	10027008	1.331075
2508800	10035200	1.343863
2510848	10043392	1.320848
2512896	10051584	1.355939
2514944	10059776	1.329606
2516992	10067968	1.309015
2519040	10076160	1.327678
2521088	10084352	1.356336
2523136	10092544	1.332417
2525184	10100736	1.340972
2527232	10108928	1.346930
2529280	10117120	1.363556
2531328	10125312	1.338815
2533376	10133504	1.365136
2535424	10141696	1.340885
2537472	10149888	1.353550
2539520	10158080	1.375214
2541568	10166272	1.315889
2543616	10174464	1.269027
2545664	10182656	1.303699
2547712	10190848	1.250328
2549760	10199040	1.266948
2551808	10207232	1.252676
2553856	10215424	1.298737
2555904	10223616	1.312855
2557952	10231808	1.333329
2560000	10240000	1.303122
2562048	10248192	1.271394
2564096	10256384	1.324658
2566144	10264576	1.291163
2568192	10272768	1.275940
2570240	10280960	1.289000
2572288	10289152	1.277020
2574336	10297344	1.280914
2576384	10305536	1.289149
2578432	10313728	1.281117
2580480	10321920	1.279363
2582528	10330112	1.274958
2584576	10338304	1.282515
2586624	10346496	1.309878
2588672	10354688	1.301618
2590720	10362880	1.319250
2592768	10371072	1.329485
2594816	10379264	1.320198
2596864	10387456	1.328667
2598912	10395648	1.360796
2600960	10403840	1.325375
2603008	10412032	1.344249
2605056	10420224	1.335023
2607104	10428416	1.297837
2609152	10436608	1.311002
2611200	10444800	1.363363
2613248	10452992	1.336285
2615296	10461184	1.335372
2617344	10469376	1.342500
2619392	10477568	1.330895
2621440	10485760	1.367246
2623488	10493952	1.325878
2625536	10502144	1.329224
2627584	10510336	1.313181
2629632	10518528	1.312603
2631680	10526720	1.369724
2633728	10534912	1.345393
2635776	10543104	1.318459
2637824	10551296	1.326691
2639872	10559488	1.353143
2641920	10567680	1.347448
2643968	10575872	1.478579
2646016	10584064	1.458737
2648064	10592256	1.447035
2650112	10600448	1.466624
2652160	10608640	1.405676
2654208	10616832	1.421473
2656256	10625024	1.485666
2658304	10633216	1.456760
2660352	10641408	1.458162
2662400	10649600	1.459496
2664448	10657792	1.452198
2666496	10665984	1.450519
2668544	10674176	1.416744
2670592	10682368	1.439553
2672640	10690560	1.406596
2674688	10698752	1.434505
2676736	10706944	1.347132
2678784	10715136	1.463161
2680832	10723328	1.463599
2682880	10731520	1.417018
2684928	10739712	1.362474
2686976	10747904	1.379149
2689024	10756096	1.360524
2691072	10764288	1.378801
2693120	10772480	1.386165
2695168	10780672	1.372982
2697216	10788864	1.380112
2699264	10797056	1.391880
2701312	10805248	1.377721
2703360	10813440	1.405232
2705408	10821632	1.396699
2707456	10829824	1.419059
2709504	10838016	1.402817
2711552	10846208	1.371402
2713600	10854400	1.394439
2715648	10862592	1.378951
2717696	10870784	1.375091
2719744	10878976	1.368250
2721792	10887168	1.383537
2723840	10895360	1.354308
2725888	10903552	1.399326
2727936	10911744	1.381826
2729984	10919936	1.368952
2732032	10928128	1.385689
2734080	10936320	1.377935
2736128	10944512	1.404007
2738176	10952704	1.380405
2740224	10960896	1.368220
2742272	10969088	1.367693
2744320	10977280	1.414405
2746368	10985472	1.397930
2748416	10993664	1.395411
2750464	11001856	1.398904
2752512	11010048	1.385184
2754560	11018240	1.387878
2756608	11026432	1.428009
2758656	11034624	1.444220
2760704	11042816	1.410278
2762752	11051008	1.393131
2764800	11059200	1.399214
2766848	11067392	1.403809
2768896	11075584	1.400392
2770944	11083776	1.412731
2772992	11091968	1.429741
2775040	11100160	1.422989
2777088	11108352	1.421546
2779136	11116544	1.418190
2781184	11124736	1.422490
2783232	11132928	1.410593
2785280	11141120	1.407726
2787328	11149312	1.427221
2789376	11157504	1.423279
2791424	11165696	1.396771
2793472	11173888	1.430749
2795520	11182080	1.419486
2797568	11190272	1.468589
2799616	11198464	1.479960
2801664	11206656	1.445252
2803712	11214848	1.453899
2805760	11223040	1.458982
2807808	11231232	1.458721
2809856	11239424	1.431016
2811904	11247616	1.448209
2813952	11255808	1.449415
2816000	11264000	1.449729
2818048	11272192	1.453535
2820096	11280384	1.445121
2822144	11288576	1.452961
2824192	11296768	1.464623
2826240	11304960	1.476293
2828288	11313152	1.431237
2830336	11321344	1.426654
2832384	11329536	1.405036
2834432	11337728	1.414509
2836480	11345920	1.422591
2838528	11354112	1.434366
2840576	11362304	1.440136
2842624	11370496	1.418850
2844672	11378688	1.415106
2846720	11386880	1.488377
2848768	11395072	1.400097
2850816	11403264	1.562224
2852864	11411456	1.476796
2854912	11419648	1.491387
2856960	11427840	1.508124
2859008	11436032	1.520765
2861056	11444224	1.520801
2863104	11452416	1.522158
2865152	11460608	1.510272
2867200	11468800	1.529215
2869248	11476992	1.431949
2871296	11485184	1.412019
2873344	11493376	1.680947
2875392	11501568	1.573175
2877440	11509760	1.582003
2879488	11517952	1.568998
2881536	11526144	1.641528
2883584	11534336	1.540894
2885632	11542528	1.506628
2887680	11550720	1.521418
2889728	11558912	1.574297
2891776	11567104	1.642720
2893824	11575296	1.556681
2895872	11583488	1.553991
2897920	11591680	1.511884
2899968	11599872	1.541134
2902016	11608064	1.538119
2904064	11616256	1.532572
2906112	11624448	1.530489
2908160	11632640	1.561706
2910208	11640832	1.556559
2912256	11649024	1.550432
2914304	11657216	1.549036
2916352	11665408	1.542369
2918400	11673600	1.483004
2920448	11681792	1.438061
2922496	11689984	1.433342
2924544	11698176	1.423428
2926592	11706368	1.388269
2928640	11714560	1.405528
2930688	11722752	1.433746
2932736	11730944	1.419903
2934784	11739136	1.465023
2936832	11747328	1.467707
2938880	11755520	1.456927
2940928	11763712	1.472388
2942976	11771904	1.465200
2945024	11780096	1.458332
2947072	11788288	1.423592
2949120	11796480	1.409610
2951168	11804672	1.432555
2953216	11812864	1.431392
2955264	11821056	1.465210
2957312	11829248	1.593991
2959360	11837440	1.583639
2961408	11845632	1.573798
2963456	11853824	1.587884
2965504	11862016	1.599526
2967552	11870208	1.470113
2969600	11878400	1.500923
2971648	11886592	1.495184
2973696	11894784	1.517962
2975744	11902976	1.485205
2977792	11911168	1.451573
2979840	11919360	1.460711
2981888	11927552	1.481876
2983936	11935744	1.611050
2985984	11943936	1.581834
2988032	11952128	1.589008
2990080	11960320	1.584237
2992128	11968512	1.622641
2994176	11976704	1.599345
2996224	11984896	1.647009
2998272	11993088	1.616964
3000320	12001280	1.645923
3002368	12009472	1.627929
3004416	12017664	1.629547
3006464	12025856	1.596581
3008512	12034048	1.609880
3010560	12042240	1.608928
3012608	12050432	1.624468
3014656	12058624	1.608615
3016704	12066816	1.611792
3018752	12075008	1.504482
3020800	12083200	1.628553
3022848	12091392	1.627493
3024896	12099584	1.509611
3026944	12107776	1.532263
3028992	12115968	1.520629
3031040	12124160	1.487681
3033088	12132352	1.508351
3035136	12140544	1.538627
3037184	12148736	1.484552
3039232	12156928	1.484579
3041280	12165120	1.492744
3043328	12173312	1.491093
3045376	12181504	1.502353
3047424	12189696	1.500109
3049472	12197888	1.467754
3051520	12206080	1.470805
3053568	12214272	1.481916
3055616	12222464	1.547068
3057664	12230656	1.492541
3059712	12238848	1.477229
3061760	12247040	1.478543
3063808	12255232	1.500055
3065856	12263424	1.496017
3067904	12271616	1.521209
3069952	12279808	1.523066
3072000	12288000	1.517350
3074048	12296192	1.512670
3076096	12304384	1.519113
3078144	12312576	1.518214
3080192	12320768	1.508917
3082240	12328960	1.493354
3084288	12337152	1.495221
3086336	12345344	1.494002
3088384	12353536	1.511100
3090432	12361728	1.502800
3092480	12369920	1.522727
3094528	12378112	1.529889
3096576	12386304	1.514445
3098624	12394496	1.522826
3100672	12402688	1.547444
3102720	12410880	1.500856
3104768	12419072	1.516578
3106816	12427264	1.510994
3108864	12435456	1.525379
3110912	12443648	1.545011
3112960	12451840	1.523217
3115008	12460032	1.498192
3117056	12468224	1.534381
3119104	12476416	1.528172
3121152	12484608	1.501282
3123200	12492800	1.518444
3125248	12500992	1.576170
3127296	12509184	1.633101
3129344	12517376	1.531946
3131392	12525568	1.607987
3133440	12533760	1.522268
3135488	12541952	1.553524
3137536	12550144	1.517214
3139584	12558336	1.526780
3141632	12566528	1.546504
3143680	12574720	1.551148
3145728	12582912	1.606094
3147776	12591104	1.586015
3149824	12599296	1.534864
3151872	12607488	1.572295
3153920	12615680	1.563386
3155968	12623872	1.577989
3158016	12632064	1.588646
3160064	12640256	1.589132
3162112	12648448	1.576268
3164160	12656640	1.574073
3166208	12664832	1.585825
3168256	12673024	1.772951
3170304	12681216	1.722098
3172352	12689408	1.733942
3174400	12697600	1.721448
3176448	12705792	1.729140
3178496	12713984	1.722918
3180544	12722176	1.728780
3182592	12730368	1.728721
3184640	12738560	1.705417
3186688	12746752	1.710693
3188736	12754944	2.351210
3190784	12763136	2.316510
3192832	12771328	2.132444
3194880	12779520	1.865179
3196928	12787712	1.895118
3198976	12795904	1.893329
3201024	12804096	1.887805
3203072	12812288	1.865600
3205120	12820480	1.902441
3207168	12828672	1.932317
3209216	12836864	1.907723
3211264	12845056	1.944398
3213312	12853248	1.948552
3215360	12861440	1.925108
3217408	12869632	1.978523
3219456	12877824	1.964735
3221504	12886016	1.939470
3223552	12894208	1.951268
3225600	12902400	1.941554
3227648	12910592	1.942273
3229696	12918784	2.022024
3231744	12926976	1.999114
3233792	12935168	1.994581
3235840	12943360	1.904266
3237888	12951552	1.727967
3239936	12959744	1.919147
3241984	12967936	1.966398
3244032	12976128	1.919626
3246080	12984320	1.975864
3248128	12992512	1.965302
3250176	13000704	1.736669
3252224	13008896	1.904953
3254272	13017088	1.933192
3256320	13025280	1.961311
3258368	13033472	2.020336
3260416	13041664	1.959054
3262464	13049856	1.979090
3264512	13058048	1.943966
3266560	13066240	1.945089
3268608	13074432	1.953803
3270656	13082624	1.955854
3272704	13090816	1.991084
3274752	13099008	1.943683
3276800	13107200	1.938111
3278848	13115392	1.985524
3280896	13123584	2.035641
3282944	13131776	1.983736
3284992	13139968	1.953610
3287040	13148160	1.965374
3289088	13156352	2.404595
3291136	13164544	2.003216
3293184	13172736	1.940616
3295232	13180928	1.922855
3297280	13189120	1.959132
3299328	13197312	1.965557
3301376	13205504	1.974452
3303424	13213696	1.948177
3305472	13221888	1.974665
3307520	13230080	1.956613
3309568	13238272	1.958984
3311616	13246464	1.998472
3313664	13254656	1.942361
3315712	13262848	1.957786
3317760	13271040	1.976224
3319808	13279232	1.811117
3321856	13287424	1.978375
3323904	13295616	1.998914
3325952	13303808	1.962969
3328000	13312000	2.033051
3330048	13320192	1.972457
3332096	13328384	1.992928
3334144	13336576	1.989659
3336192	13344768	2.007436
3338240	13352960	2.039678
3340288	13361152	1.985401
3342336	13369344	1.978970
3344384	13377536	1.946666
3346432	13385728	1.968012
3348480	13393920	1.945257
3350528	13402112	1.974170
3352576	13410304	1.990389
3354624	13418496	2.206377
3356672	13426688	1.943089
3358720	13434880	1.936841
3360768	13443072	1.985545
3362816	13451264	1.986321
3364864	13459456	2.006390
3366912	13467648	1.981347
3368960	13475840	2.001766
3371008	13484032	1.953483
3373056	13492224	1.948187
3375104	13500416	1.940745
3377152	13508608	1.917503
3379200	13516800	2.026559
3381248	13524992	1.827105
3383296	13533184	1.802176
3385344	13541376	1.792910
3387392	13549568	1.796594
3389440	13557760	1.814043
3391488	13565952	1.822858
3393536	13574144	1.811557
3395584	13582336	1.829413
3397632	13590528	1.847359
3399680	13598720	1.851416
3401728	13606912	1.840944
3403776	13615104	1.874635
3405824	13623296	1.853862
3407872	13631488	1.900390
3409920	13639680	1.868114
3411968	13647872	1.888401
3414016	13656064	1.878163
3416064	13664256	1.829593
3418112	13672448	1.838337
3420160	13680640	1.815315
3422208	13688832	1.846080
3424256	13697024	1.860051
3426304	13705216	1.835175
3428352	13713408	1.834055
3430400	13721600	1.873685
3432448	13729792	1.868842
3434496	13737984	1.876927
3436544	13746176	1.824954
3438592	13754368	1.832916
3440640	13762560	1.866632
3442688	13770752	1.846477
3444736	13778944	1.837146
3446784	13787136	1.724669
3448832	13795328	1.725132
3450880	13803520	1.894818
3452928	13811712	1.870537
3454976	13819904	1.872449
3457024	13828096	1.892063
3459072	13836288	1.891652
3461120	13844480	1.852812
3463168	13852672	1.868783
3465216	13860864	1.861272
3467264	13869056	1.883978
3469312	13877248	1.919170
3471360	13885440	1.868152
3473408	13893632	1.889097
3475456	13901824	1.874166
3477504	13910016	1.864501
3479552	13918208	1.848912
3481600	13926400	1.865499
3483648	13934592	1.839687
3485696	13942784	1.847564
3487744	13950976	1.827013
3489792	13959168	1.865801
3491840	13967360	1.859247
3493888	13975552	1.861505
3495936	13983744	1.865418
3497984	13991936	1.862930
3500032	14000128	1.908284
3502080	14008320	1.871284
3504128	14016512	1.882350
3506176	14024704	1.895005
3508224	14032896	1.893821
3510272	14041088	1.889904
3512320	14049280	1.887582
3514368	14057472	1.919745
3516416	14065664	1.900762
3518464	14073856	1.897138
3520512	14082048	1.893115
3522560	14090240	1.903530
3524608	14098432	1.878411
3526656	14106624	1.898883
3528704	14114816	1.934918
3530752	14123008	1.922198
3532800	14131200	1.878890
3534848	14139392	1.876781
3536896	14147584	1.883244
3538944	14155776	1.914655
3540992	14163968	1.899563
3543040	14172160	1.895032
3545088	14180352	1.879368
3547136	14188544	1.931036
3549184	14196736	1.940959
3551232	14204928	1.951811
3553280	14213120	1.925578
3555328	14221312	1.931215
3557376	14229504	1.932126
3559424	14237696	1.937479
3561472	14245888	1.951475
3563520	14254080	1.926651
3565568	14262272	1.741692
3567616	14270464	1.752164
3569664	14278656	1.948220
3571712	14286848	1.956153
3573760	14295040	1.905040
3575808	14303232	1.946242
3577856	14311424	2.081023
3579904	14319616	2.068375
3581952	14327808	2.073765
3584000	14336000	2.088995
3586048	14344192	2.173839
3588096	14352384	2.133579
3590144	14360576	2.116014
3592192	14368768	2.175959
3594240	14376960	2.160010
3596288	14385152	1.948532
3598336	14393344	1.966219
3600384	14401536	1.925127
3602432	14409728	1.974507
3604480	14417920	2.074606
3606528	14426112	2.080674
3608576	14434304	2.098113
3610624	14442496	2.348271
3612672	14450688	2.086069
3614720	14458880	1.898016
3616768	14467072	1.979470
3618816	14475264	2.002432
3620864	14483456	1.907803
3622912	14491648	1.988830
3624960	14499840	2.318795
3627008	14508032	1.883016
3629056	14516224	1.874459
3631104	14524416	2.024460
3633152	14532608	1.998071
3635200	14540800	2.030163
3637248	14548992	2.070645
3639296	14557184	1.967834
3641344	14565376	1.935879
3643392	14573568	2.297935
3645440	14581760	2.032400
3647488	14589952	1.964467
3649536	14598144	1.944049
3651584	14606336	1.947108
3653632	14614528	1.977825
3655680	14622720	2.054023
3657728	14630912	1.981542
3659776	14639104	1.979172
3661824	14647296	1.969243
3663872	14655488	1.940098
3665920	14663680	1.905808
3667968	14671872	1.904239
3670016	14680064	1.896482
3672064	14688256	1.940970
3674112	14696448	1.974110
3676160	14704640	1.961661
3678208	14712832	1.927939
3680256	14721024	2.005359
3682304	14729216	1.885024
3684352	14737408	1.988466
3686400	14745600	1.867567
3688448	14753792	2.185090
3690496	14761984	1.835827
3692544	14770176	1.864430
3694592	14778368	1.996437
3696640	14786560	1.886491
3698688	14794752	1.841098
3700736	14802944	1.823474
3702784	14811136	1.852040
3704832	14819328	1.854562
3706880	14827520	1.961967
3708928	14835712	1.897797
3710976	14843904	1.887738
3713024	14852096	1.869409
3715072	14860288	2.491501
3717120	14868480	1.882605
3719168	14876672	1.963828
3721216	14884864	1.830181
3723264	14893056	1.827865
3725312	14901248	2.065396
3727360	14909440	2.054061
3729408	14917632	2.030877
3731456	14925824	2.019228
3733504	14934016	1.968567
3735552	14942208	2.049946
3737600	14950400	1.954264
3739648	14958592	1.955314
3741696	14966784	1.968266
3743744	14974976	1.964736
3745792	14983168	1.931982
3747840	14991360	1.981477
3749888	14999552	1.955137
3751936	15007744	1.952165
3753984	15015936	2.031899
3756032	15024128	1.968646
3758080	15032320	1.978050
3760128	15040512	2.529437
3762176	15048704	2.204651
3764224	15056896	1.890639
3766272	15065088	1.931200
3768320	15073280	1.977390
3770368	15081472	1.961537
3772416	15089664	1.971056
3774464	15097856	1.946543
3776512	15106048	1.954123
3778560	15114240	1.958082
3780608	15122432	1.960964
3782656	15130624	1.904158
3784704	15138816	2.240211
3786752	15147008	2.029654
3788800	15155200	2.007021
3790848	15163392	1.975078
3792896	15171584	2.011607
3794944	15179776	1.956235
3796992	15187968	1.963123
3799040	15196160	1.970741
3801088	15204352	2.006713
3803136	15212544	2.017465
3805184	15220736	2.025582
3807232	15228928	2.003806
3809280	15237120	2.034372
3811328	15245312	2.048309
3813376	15253504	2.021146
3815424	15261696	2.059322
3817472	15269888	2.030554
3819520	15278080	2.005811
3821568	15286272	2.044724
3823616	15294464	2.004990
3825664	15302656	1.975480
3827712	15310848	2.047561
3829760	15319040	1.998229
3831808	15327232	1.974473
3833856	15335424	2.006297
3835904	15343616	2.053235
3837952	15351808	2.244971
3840000	15360000	2.014729
3842048	15368192	2.064846
3844096	15376384	2.010089
3846144	15384576	2.009526
3848192	15392768	2.040424
3850240	15400960	2.041162
3852288	15409152	1.996153
3854336	15417344	2.021188
3856384	15425536	1.996798
3858432	15433728	2.122039
3860480	15441920	1.879769
3862528	15450112	1.888866
3864576	15458304	1.823980
3866624	15466496	1.822687
3868672	15474688	1.931504
3870720	15482880	1.858044
3872768	15491072	1.826177
3874816	15499264	1.883942
3876864	15507456	1.809472
3878912	15515648	1.810115
3880960	15523840	1.846293
3883008	15532032	2.090108
3885056	15540224	1.909321
3887104	15548416	2.402289
3889152	15556608	2.164699
3891200	15564800	1.874791
3893248	15572992	2.076415
3895296	15581184	2.022340
3897344	15589376	2.102327
3899392	15597568	2.135380
3901440	15605760	1.934174
3903488	15613952	1.871066
3905536	15622144	1.927972
3907584	15630336	1.963523
3909632	15638528	2.070245
3911680	15646720	2.346246
3913728	15654912	2.176927
3915776	15663104	2.162580
3917824	15671296	2.622596
3919872	15679488	2.233503
3921920	15687680	2.635366
3923968	15695872	2.506091
3926016	15704064	2.731606
3928064	15712256	2.242539
3930112	15720448	2.206732
3932160	15728640	2.214245
3934208	15736832	2.085358
3936256	15745024	2.173366
3938304	15753216	1.967402
3940352	15761408	1.892495
3942400	15769600	2.647176
3944448	15777792	2.909551
3946496	15785984	2.835920
3948544	15794176	2.650967
3950592	15802368	3.031085
3952640	15810560	2.090256
3954688	15818752	2.061894
3956736	15826944	2.070664
3958784	15835136	2.092814
3960832	15843328	2.079629
3962880	15851520	2.083259
3964928	15859712	2.121647
3966976	15867904	2.119127
3969024	15876096	2.129729
3971072	15884288	2.107622
3973120	15892480	2.231819
3975168	15900672	2.068791
3977216	15908864	2.069969
3979264	15917056	2.058570
3981312	15925248	2.123806
3983360	15933440	2.212246
3985408	15941632	2.148989
3987456	15949824	1.938528
3989504	15958016	1.973583
3991552	15966208	1.942623
3993600	15974400	1.917830
3995648	15982592	1.881548
3997696	15990784	1.943179
3999744	15998976	2.073933
4001792	16007168	2.076739
4003840	16015360	2.063179
4005888	16023552	2.196984
4007936	16031744	2.162127
4009984	16039936	2.178913
4012032	16048128	2.182677
4014080	16056320	2.562556
4016128	16064512	2.214709
4018176	16072704	2.384285
4020224	16080896	2.136945
4022272	16089088	3.358591
4024320	16097280	2.274183
4026368	16105472	2.481900
4028416	16113664	2.431994
4030464	16121856	2.380325
4032512	16130048	2.355350
4034560	16138240	2.444855
4036608	16146432	2.356252
4038656	16154624	2.330291
4040704	16162816	2.374405
4042752	16171008	2.405971
4044800	16179200	2.432335
4046848	16187392	2.381857
4048896	16195584	2.421813
4050944	16203776	2.704400
4052992	16211968	2.583605
4055040	16220160	2.543062
4057088	16228352	2.241742
4059136	16236544	2.180055
4061184	16244736	2.002842
4063232	16252928	2.008328
4065280	16261120	2.252003
4067328	16269312	1.962437
4069376	16277504	1.967433
4071424	16285696	1.969230
4073472	16293888	2.008989
4075520	16302080	1.993468
4077568	16310272	2.112203
4079616	16318464	2.032578
4081664	16326656	2.109188
4083712	16334848	2.135684
4085760	16343040	2.119608
4087808	16351232	2.160421
4089856	16359424	2.254988
4091904	16367616	2.541713
4093952	16375808	2.384989
4096000	16384000	3.376607
4098048	16392192	3.241495
4100096	16400384	2.259632
4102144	16408576	2.722426
4104192	16416768	3.046811
4106240	16424960	2.266749
4108288	16433152	2.928366
4110336	16441344	2.759353
4112384	16449536	3.064691
4114432	16457728	3.026472
4116480	16465920	2.985102
4118528	16474112	2.967828
4120576	16482304	3.061684
4122624	16490496	2.904307
4124672	16498688	2.351981
4126720	16506880	2.231499
4128768	16515072	2.341297
4130816	16523264	2.274329
4132864	16531456	2.225162
4134912	16539648	2.217325
4136960	16547840	2.203726
4139008	16556032	2.153676
4141056	16564224	2.594654
4143104	16572416	2.424328
4145152	16580608	2.345002
4147200	16588800	2.661294
4149248	16596992	2.250362
4151296	16605184	2.229585
4153344	16613376	2.208943
4155392	16621568	2.278934
4157440	16629760	2.303590
4159488	16637952	2.272308
4161536	16646144	2.288515
4163584	16654336	2.279767
4165632	16662528	2.260159
4167680	16670720	2.255486
4169728	16678912	2.308608
4171776	16687104	2.173440
4173824	16695296	2.399398
4175872	16703488	2.307415
4177920	16711680	2.340931
4179968	16719872	2.216063
4182016	16728064	2.218091
4184064	16736256	2.257838
4186112	16744448	2.280700
4188160	16752640	2.240562
4190208	16760832	2.243033
4192256	16769024	2.307267
4194304	16777216	2.331036
4196352	16785408	2.314390
4198400	16793600	2.223830
4200448	16801792	2.255061
4202496	16809984	2.321026
4204544	16818176	3.197565
4206592	16826368	2.317109
4208640	16834560	2.423488
4210688	16842752	2.341541
4212736	16850944	2.436555
4214784	16859136	2.346836
4216832	16867328	2.304489
4218880	16875520	2.356079
4220928	16883712	2.281850
4222976	16891904	2.404448
4225024	16900096	2.277528
4227072	16908288	2.310774
4229120	16916480	2.331848
4231168	16924672	2.302014
4233216	16932864	2.244364
4235264	16941056	2.257931
4237312	16949248	2.289108
4239360	16957440	2.304131
4241408	16965632	2.430356
4243456	16973824	3.407880
4245504	16982016	2.424842
4247552	16990208	2.384761
4249600	16998400	2.391296
4251648	17006592	2.420149
4253696	17014784	2.446333
4255744	17022976	2.359309
4257792	17031168	2.416515
4259840	17039360	3.138658
4261888	17047552	3.369825
4263936	17055744	3.233065
4265984	17063936	3.263062
4268032	17072128	3.287997
4270080	17080320	3.299148
4272128	17088512	3.326526
4274176	17096704	2.399029
4276224	17104896	2.606820
4278272	17113088	2.464421
4280320	17121280	2.399948
4282368	17129472	2.436615
4284416	17137664	2.807915
4286464	17145856	2.832624
4288512	17154048	2.735627
4290560	17162240	2.789164
4292608	17170432	2.751683
4294656	17178624	2.451929
4296704	17186816	2.753899
4298752	17195008	2.784547
4300800	17203200	2.716844
4302848	17211392	2.794702
4304896	17219584	2.541382
4306944	17227776	2.631010
4308992	17235968	2.304937
4311040	17244160	2.372056
4313088	17252352	2.446823
4315136	17260544	2.505086
4317184	17268736	2.398863
4319232	17276928	2.638298
4321280	17285120	2.362486
4323328	17293312	2.615498
4325376	17301504	2.481059
4327424	17309696	2.479997
4329472	17317888	2.824473
4331520	17326080	2.697954
4333568	17334272	2.826750
4335616	17342464	2.694678
4337664	17350656	2.926418
4339712	17358848	2.625119
4341760	17367040	2.435165
4343808	17375232	2.811534
4345856	17383424	2.741090
4347904	17391616	2.491612
4349952	17399808	2.653717
4352000	17408000	2.356531
4354048	17416192	2.100349
4356096	17424384	2.114883
4358144	17432576	2.094045
4360192	17440768	2.123320
4362240	17448960	2.108729
4364288	17457152	2.143737
4366336	17465344	2.116463
4368384	17473536	2.136170
4370432	17481728	2.156385
4372480	17489920	2.148558
4374528	17498112	2.151567
4376576	17506304	2.152872
4378624	17514496	2.162593
4380672	17522688	2.152605
4382720	17530880	2.143772
4384768	17539072	2.112257
4386816	17547264	2.067120
4388864	17555456	2.307913
4390912	17563648	2.082422
4392960	17571840	2.285176
4395008	17580032	2.342849
4397056	17588224	2.118480
4399104	17596416	2.119304
4401152	17604608	2.118382
4403200	17612800	2.123435
4405248	17620992	2.124270
4407296	17629184	2.118214
4409344	17637376	2.112448
4411392	17645568	2.114661
4413440	17653760	2.115362
4415488	17661952	2.077354
4417536	17670144	2.083832
4419584	17678336	2.077186
4421632	17686528	2.175362
4423680	17694720	2.068979
4425728	17702912	2.075988
4427776	17711104	2.079964
4429824	17719296	2.077486
4431872	17727488	2.122837
4433920	17735680	2.095619
4435968	17743872	2.078975
4438016	17752064	2.081044
4440064	17760256	2.090382
4442112	17768448	2.087903
4444160	17776640	2.084938
4446208	17784832	2.089807
4448256	17793024	2.129394
4450304	17801216	2.097379
4452352	17809408	2.093622
4454400	17817600	2.088898
4456448	17825792	2.094770
4458496	17833984	2.099186
4460544	17842176	2.099895
4462592	17850368	2.146973
4464640	17858560	2.145395
4466688	17866752	2.091867
4468736	17874944	2.145634
4470784	17883136	2.152107
4472832	17891328	2.146056
4474880	17899520	2.157672
4476928	17907712	2.150381
4478976	17915904	2.154240
4481024	17924096	2.107532
4483072	17932288	2.147461
4485120	17940480	2.149601
4487168	17948672	2.164261
4489216	17956864	2.163855
4491264	17965056	2.394532
4493312	17973248	2.385816
4495360	17981440	2.370966
4497408	17989632	2.373632
4499456	17997824	2.332733
4501504	18006016	2.330597
4503552	18014208	2.338448
4505600	18022400	2.338131
4507648	18030592	2.134148
4509696	18038784	2.133315
4511744	18046976	2.117571
4513792	18055168	2.119746
4515840	18063360	2.130485
4517888	18071552	2.121834
4519936	18079744	2.124657
4521984	18087936	2.119486
4524032	18096128	2.123372
4526080	18104320	2.172689
