0	0	0.000010
2048	4096	0.000633
4096	8192	0.001628
6144	12288	0.003429
8192	16384	0.005090
10240	20480	0.003808
12288	24576	0.006933
14336	28672	0.009176
16384	32768	0.010746
18432	36864	0.012255
20480	40960	0.008758
22528	45056	0.010694
24576	49152	0.013823
26624	53248	0.012499
28672	57344	0.016478
30720	61440	0.014083
32768	65536	0.011994
34816	69632	0.015517
36864	73728	0.013693
38912	77824	0.014075
40960	81920	0.020081
43008	86016	0.018877
45056	90112	0.020399
47104	94208	0.019511
49152	98304	0.022487
51200	102400	0.024422
53248	106496	0.023220
55296	110592	0.018888
57344	114688	0.021161
59392	118784	0.022584
61440	122880	0.021954
63488	126976	0.021961
65536	131072	0.023426
67584	135168	0.025404
69632	139264	0.029171
71680	143360	0.039356
73728	147456	0.034182
75776	151552	0.044944
77824	155648	0.034557
79872	159744	0.032573
81920	163840	0.032171
83968	167936	0.032424
86016	172032	0.042421
88064	176128	0.046753
90112	180224	0.059016
92160	184320	0.047768
94208	188416	0.040568
96256	192512	0.035272
98304	196608	0.037950
100352	200704	0.038662
102400	204800	0.041064
104448	208896	0.038882
106496	212992	0.040904
108544	217088	0.041132
110592	221184	0.043527
112640	225280	0.041895
114688	229376	0.044139
116736	233472	0.045016
118784	237568	0.045261
120832	241664	0.044123
122880	245760	0.048554
124928	249856	0.049182
126976	253952	0.051915
129024	258048	0.053535
131072	262144	0.054826
133120	266240	0.056313
135168	270336	0.056773
137216	274432	0.061093
139264	278528	0.060277
141312	282624	0.059334
143360	286720	0.060940
145408	290816	0.056630
147456	294912	0.057948
149504	299008	0.058204
151552	303104	0.063360
153600	307200	0.062932
155648	311296	0.077650
157696	315392	0.065715
159744	319488	0.067234
161792	323584	0.068099
163840	327680	0.064576
165888	331776	0.063891
167936	335872	0.065697
169984	339968	0.068640
172032	344064	0.069082
174080	348160	0.067607
176128	352256	0.069452
178176	356352	0.074903
180224	360448	0.078919
182272	364544	0.080816
184320	368640	0.083805
186368	372736	0.091062
188416	376832	0.087263
190464	380928	0.111667
192512	385024	0.092562
194560	389120	0.099191
196608	393216	0.085693
198656	397312	0.083780
200704	401408	0.081654
202752	405504	0.089757
204800	409600	0.088875
206848	413696	0.087793
208896	417792	0.106813
210944	421888	0.093717
212992	425984	0.086062
215040	430080	0.099104
217088	434176	0.093256
219136	438272	0.093687
221184	442368	0.094097
223232	446464	0.094328
225280	450560	0.098329
227328	454656	0.105423
229376	458752	0.116651
231424	462848	0.103792
233472	466944	0.094412
235520	471040	0.125669
237568	475136	0.140014
239616	479232	0.159834
241664	483328	0.158170
243712	487424	0.141043
245760	491520	0.144352
247808	495616	0.110922
249856	499712	0.120588
251904	503808	0.119452
253952	507904	0.112966
256000	512000	0.173584
258048	516096	0.155035
260096	520192	0.147772
262144	524288	0.134437
264192	528384	0.134718
266240	532480	0.131203
268288	536576	0.114640
270336	540672	0.207146
272384	544768	0.210765
274432	548864	0.128744
276480	552960	0.123622
278528	557056	0.123167
280576	561152	0.127831
282624	565248	0.118643
284672	569344	0.185477
286720	573440	0.136197
288768	577536	0.138324
290816	581632	0.146339
292864	585728	0.114456
294912	589824	0.183978
296960	593920	0.188634
299008	598016	0.186589
301056	602112	0.180458
303104	606208	0.186640
305152	610304	0.196733
307200	614400	0.165466
309248	618496	0.178030
311296	622592	0.154892
313344	626688	0.138368
315392	630784	0.131568
317440	634880	0.133190
319488	638976	0.182273
321536	643072	0.134992
323584	647168	0.137275
325632	651264	0.136767
327680	655360	0.200961
329728	659456	0.144560
331776	663552	0.147621
333824	667648	0.146718
335872	671744	0.143559
337920	675840	0.147377
339968	679936	0.145606
342016	684032	0.147497
344064	688128	0.145712
346112	692224	0.144866
348160	696320	0.148787
350208	700416	0.146157
352256	704512	0.148891
354304	708608	0.148837
356352	712704	0.148975
358400	716800	0.151760
360448	720896	0.146293
362496	724992	0.150904
364544	729088	0.154569
366592	733184	0.152383
368640	737280	0.156316
370688	741376	0.153508
372736	745472	0.155207
374784	749568	0.155926
376832	753664	0.157745
378880	757760	0.157614
380928	761856	0.161005
382976	765952	0.162347
385024	770048	0.162988
387072	774144	0.162526
389120	778240	0.163862
391168	782336	0.164193
393216	786432	0.167007
395264	790528	0.164495
397312	794624	0.165850
399360	798720	0.175261
401408	802816	0.171587
403456	806912	0.176879
405504	811008	0.171193
407552	815104	0.175468
409600	819200	0.170772
411648	823296	0.174222
413696	827392	0.176221
415744	831488	0.180996
417792	835584	0.180679
419840	839680	0.181387
421888	843776	0.175381
423936	847872	0.177290
425984	851968	0.180424
428032	856064	0.184976
430080	860160	0.184239
432128	864256	0.183383
434176	868352	0.185041
436224	872448	0.183417
438272	876544	0.190149
440320	880640	0.188579
442368	884736	0.189561
444416	888832	0.185898
446464	892928	0.188107
448512	897024	0.185087
450560	901120	0.189250
452608	905216	0.193884
454656	909312	0.191213
456704	913408	0.193818
458752	917504	0.192260
460800	921600	0.196418
462848	925696	0.195388
464896	929792	0.197341
466944	933888	0.200208
468992	937984	0.213606
471040	942080	0.201860
473088	946176	0.202024
475136	950272	0.202287
477184	954368	0.203508
479232	958464	0.204526
481280	962560	0.204226
483328	966656	0.212824
485376	970752	0.210125
487424	974848	0.209417
489472	978944	0.203292
491520	983040	0.213739
493568	987136	0.209934
495616	991232	0.205310
497664	995328	0.211637
499712	999424	0.218179
501760	1003520	0.213119
503808	1007616	0.218168
505856	1011712	0.226050
507904	1015808	0.227801
509952	1019904	0.224400
512000	1024000	0.215927
514048	1028096	0.216013
516096	1032192	0.220405
518144	1036288	0.222137
520192	1040384	0.219474
522240	1044480	0.224673
524288	1048576	0.243130
526336	1052672	0.233851
528384	1056768	0.234679
530432	1060864	0.290941
532480	1064960	0.224352
534528	1069056	0.244867
536576	1073152	0.249999
538624	1077248	0.258255
540672	1081344	0.260445
542720	1085440	0.258274
544768	1089536	0.272825
546816	1093632	0.311605
548864	1097728	0.238420
550912	1101824	0.267821
552960	1105920	0.257796
555008	1110016	0.255149
557056	1114112	0.260488
559104	1118208	0.256400
561152	1122304	0.254869
563200	1126400	0.271041
565248	1130496	0.253477
567296	1134592	0.265400
569344	1138688	0.255775
571392	1142784	0.255965
573440	1146880	0.277973
575488	1150976	0.244312
577536	1155072	0.258950
579584	1159168	0.262772
581632	1163264	0.260427
583680	1167360	0.258784
585728	1171456	0.270827
587776	1175552	0.265630
589824	1179648	0.263705
591872	1183744	0.269153
593920	1187840	0.258566
595968	1191936	0.256751
598016	1196032	0.264925
600064	1200128	0.265289
602112	1204224	0.285717
604160	1208320	0.256353
606208	1212416	0.263961
608256	1216512	0.337505
610304	1220608	0.269126
612352	1224704	0.273867
614400	1228800	0.273888
616448	1232896	0.270470
618496	1236992	0.277657
620544	1241088	0.283775
622592	1245184	0.267203
624640	1249280	0.277603
626688	1253376	0.297283
628736	1257472	0.293110
630784	1261568	0.296874
632832	1265664	0.291670
634880	1269760	0.314228
636928	1273856	0.292570
638976	1277952	0.274594
641024	1282048	0.275277
643072	1286144	0.283912
645120	1290240	0.288652
647168	1294336	0.281206
649216	1298432	0.289677
651264	1302528	0.292704
653312	1306624	0.290785
655360	1310720	0.287848
657408	1314816	0.296042
659456	1318912	0.288629
661504	1323008	0.337599
663552	1327104	0.378130
665600	1331200	0.299259
667648	1335296	0.329989
669696	1339392	0.276908
671744	1343488	0.277267
673792	1347584	0.287247
675840	1351680	0.288073
677888	1355776	0.262319
679936	1359872	0.280787
681984	1363968	0.303929
684032	1368064	0.326992
686080	1372160	0.318531
688128	1376256	0.328930
690176	1380352	0.322256
692224	1384448	0.307582
694272	1388544	0.303488
696320	1392640	0.357652
698368	1396736	0.297345
700416	1400832	0.315016
702464	1404928	0.354008
704512	1409024	0.295515
706560	1413120	0.312325
708608	1417216	0.398536
710656	1421312	0.295439
712704	1425408	0.309866
714752	1429504	0.322989
716800	1433600	0.338983
718848	1437696	0.347190
720896	1441792	0.305397
722944	1445888	0.400329
724992	1449984	0.306330
727040	1454080	0.312453
729088	1458176	0.318206
731136	1462272	0.375983
733184	1466368	0.319653
735232	1470464	0.325334
737280	1474560	0.363242
739328	1478656	0.410685
741376	1482752	0.456823
743424	1486848	0.351777
745472	1490944	0.474435
747520	1495040	0.465589
749568	1499136	0.381751
751616	1503232	0.388101
753664	1507328	0.397870
755712	1511424	0.375529
757760	1515520	0.472535
759808	1519616	0.467371
761856	1523712	0.369458
763904	1527808	0.405265
765952	1531904	0.400927
768000	1536000	0.407571
770048	1540096	0.364841
772096	1544192	0.365731
774144	1548288	0.364303
776192	1552384	0.368082
778240	1556480	0.375631
780288	1560576	0.355253
782336	1564672	0.363389
784384	1568768	0.412674
786432	1572864	0.349614
788480	1576960	0.355897
790528	1581056	0.388556
792576	1585152	0.376305
794624	1589248	0.371290
796672	1593344	0.372343
798720	1597440	0.368452
800768	1601536	0.423971
802816	1605632	0.370658
804864	1609728	0.374060
806912	1613824	0.373005
808960	1617920	0.388787
811008	1622016	0.374376
813056	1626112	0.423839
815104	1630208	0.383786
817152	1634304	0.377978
819200	1638400	0.381749
821248	1642496	0.381726
823296	1646592	0.452949
825344	1650688	0.389861
827392	1654784	0.405000
829440	1658880	0.390178
831488	1662976	0.412641
833536	1667072	0.405437
835584	1671168	0.439166
837632	1675264	0.405590
839680	1679360	0.397414
841728	1683456	0.395004
843776	1687552	0.398054
845824	1691648	0.446940
847872	1695744	0.400769
849920	1699840	0.392446
851968	1703936	0.425553
854016	1708032	0.404078
856064	1712128	0.403876
858112	1716224	0.413141
860160	1720320	0.400494
862208	1724416	0.411468
864256	1728512	0.424636
866304	1732608	0.418206
868352	1736704	0.361704
870400	1740800	0.384192
872448	1744896	0.380935
874496	1748992	0.363909
876544	1753088	0.359660
878592	1757184	0.362796
880640	1761280	0.365417
882688	1765376	0.523173
884736	1769472	0.467065
886784	1773568	0.427344
888832	1777664	0.410898
890880	1781760	0.407752
892928	1785856	0.438630
894976	1789952	0.424652
897024	1794048	0.380104
899072	1798144	0.388598
901120	1802240	0.370051
903168	1806336	0.369918
905216	1810432	0.379722
907264	1814528	0.374528
909312	1818624	0.371905
911360	1822720	0.373495
913408	1826816	0.372950
915456	1830912	0.370322
917504	1835008	0.373698
919552	1839104	0.382523
921600	1843200	0.391953
923648	1847296	0.383319
925696	1851392	0.385226
927744	1855488	0.391663
929792	1859584	0.386259
931840	1863680	0.387528
933888	1867776	0.397062
935936	1871872	0.391807
937984	1875968	0.397334
940032	1880064	0.393607
942080	1884160	0.382545
944128	1888256	0.395591
946176	1892352	0.398942
948224	1896448	0.403615
950272	1900544	0.397629
952320	1904640	0.398132
954368	1908736	0.398454
956416	1912832	0.388821
958464	1916928	0.393349
960512	1921024	0.396925
962560	1925120	0.397523
964608	1929216	0.392453
966656	1933312	0.397432
968704	1937408	0.394826
970752	1941504	0.396794
972800	1945600	0.396792
974848	1949696	0.394748
976896	1953792	0.372276
978944	1957888	0.374104
980992	1961984	0.405158
983040	1966080	0.486927
985088	1970176	0.421956
987136	1974272	0.461680
989184	1978368	0.458602
991232	1982464	0.578612
993280	1986560	0.418381
995328	1990656	0.420022
997376	1994752	0.413684
999424	1998848	0.417474
1001472	2002944	0.411231
1003520	2007040	0.415117
1005568	2011136	0.423157
1007616	2015232	0.418497
1009664	2019328	0.417820
1011712	2023424	0.413169
1013760	2027520	0.395302
1015808	2031616	0.414715
1017856	2035712	0.411081
1019904	2039808	0.392591
1021952	2043904	0.397685
1024000	2048000	0.429477
1026048	2052096	0.428860
1028096	2056192	0.433285
1030144	2060288	0.432725
1032192	2064384	0.433255
1034240	2068480	0.437110
1036288	2072576	0.433848
1038336	2076672	0.437113
1040384	2080768	0.437527
1042432	2084864	0.434271
1044480	2088960	0.437960
1046528	2093056	0.431177
1048576	2097152	0.439263
1050624	2101248	0.438325
1052672	2105344	0.442631
1054720	2109440	0.450227
1056768	2113536	0.604159
1058816	2117632	0.455609
1060864	2121728	0.452791
1062912	2125824	0.436893
1064960	2129920	0.447228
1067008	2134016	0.451156
1069056	2138112	0.641716
1071104	2142208	0.507754
1073152	2146304	0.487531
1075200	2150400	0.457961
1077248	2154496	0.447243
1079296	2158592	0.440665
1081344	2162688	0.438622
1083392	2166784	0.434101
1085440	2170880	0.452793
1087488	2174976	0.456450
1089536	2179072	0.464638
1091584	2183168	0.450540
1093632	2187264	0.494995
1095680	2191360	0.458275
1097728	2195456	0.455285
1099776	2199552	0.509507
1101824	2203648	0.460844
1103872	2207744	0.464017
1105920	2211840	0.465212
1107968	2215936	0.460805
1110016	2220032	0.468015
1112064	2224128	0.469190
1114112	2228224	0.466304
1116160	2232320	0.463933
1118208	2236416	0.464002
1120256	2240512	0.470336
1122304	2244608	0.466302
1124352	2248704	0.469027
1126400	2252800	0.474196
1128448	2256896	0.467783
1130496	2260992	0.489659
1132544	2265088	0.480616
1134592	2269184	0.472888
1136640	2273280	0.515662
1138688	2277376	0.475889
1140736	2281472	0.475895
1142784	2285568	0.473296
1144832	2289664	0.475071
1146880	2293760	0.466271
1148928	2297856	0.508865
1150976	2301952	0.478777
1153024	2306048	0.471831
1155072	2310144	0.472188
1157120	2314240	0.469145
1159168	2318336	0.479895
1161216	2322432	0.580405
1163264	2326528	0.544476
1165312	2330624	0.625632
1167360	2334720	0.487635
1169408	2338816	0.484545
1171456	2342912	0.480741
1173504	2347008	0.499284
1175552	2351104	0.482663
1177600	2355200	0.487803
1179648	2359296	0.481220
1181696	2363392	0.489381
1183744	2367488	0.486697
1185792	2371584	0.520682
1187840	2375680	0.493602
1189888	2379776	0.506249
1191936	2383872	0.492391
1193984	2387968	0.485490
1196032	2392064	0.485704
1198080	2396160	0.505831
1200128	2400256	0.493710
1202176	2404352	0.491862
1204224	2408448	0.489786
1206272	2412544	0.491259
1208320	2416640	0.494973
1210368	2420736	0.510894
1212416	2424832	0.513100
1214464	2428928	0.496959
1216512	2433024	0.477522
1218560	2437120	0.469706
1220608	2441216	0.467178
1222656	2445312	0.537074
1224704	2449408	0.480870
1226752	2453504	0.498172
1228800	2457600	0.513757
1230848	2461696	0.517113
1232896	2465792	0.512486
1234944	2469888	0.522374
1236992	2473984	0.504407
1239040	2478080	0.504763
1241088	2482176	0.526862
1243136	2486272	0.530439
1245184	2490368	0.520152
1247232	2494464	0.536496
1249280	2498560	0.489059
1251328	2502656	0.512090
1253376	2506752	0.520341
1255424	2510848	0.518081
1257472	2514944	0.522603
1259520	2519040	0.517851
1261568	2523136	0.512955
1263616	2527232	0.515564
1265664	2531328	0.518568
1267712	2535424	0.514214
1269760	2539520	0.517979
1271808	2543616	0.521529
1273856	2547712	0.518015
1275904	2551808	0.519344
1277952	2555904	0.520603
1280000	2560000	0.537452
1282048	2564096	0.539910
1284096	2568192	0.546009
1286144	2572288	0.538620
1288192	2576384	0.541412
1290240	2580480	0.557707
1292288	2584576	0.552689
1294336	2588672	0.541048
1296384	2592768	0.548039
1298432	2596864	0.543050
1300480	2600960	0.546761
1302528	2605056	0.541169
1304576	2609152	0.546202
1306624	2613248	0.545804
1308672	2617344	0.544188
1310720	2621440	0.547036
1312768	2625536	0.551943
1314816	2629632	0.553928
1316864	2633728	0.555324
1318912	2637824	0.560270
1320960	2641920	0.550142
1323008	2646016	0.556337
1325056	2650112	0.551349
1327104	2654208	0.556869
1329152	2658304	0.561238
1331200	2662400	0.552553
1333248	2666496	0.557974
1335296	2670592	0.568343
1337344	2674688	0.560519
1339392	2678784	0.553875
1341440	2682880	0.576256
1343488	2686976	0.552545
1345536	2691072	0.548213
1347584	2695168	0.556607
1349632	2699264	0.550526
1351680	2703360	0.549587
1353728	2707456	0.765534
1355776	2711552	0.580799
1357824	2715648	0.584311
1359872	2719744	0.575404
1361920	2723840	0.566950
1363968	2727936	0.572279
1366016	2732032	0.574488
1368064	2736128	0.579341
1370112	2740224	0.571548
1372160	2744320	0.729697
1374208	2748416	0.584279
1376256	2752512	0.589649
1378304	2756608	0.566869
1380352	2760704	0.560076
1382400	2764800	0.562595
1384448	2768896	0.559829
1386496	2772992	0.796076
1388544	2777088	0.666385
1390592	2781184	0.631027
1392640	2785280	0.608127
1394688	2789376	0.624745
1396736	2793472	0.597699
1398784	2797568	0.637856
1400832	2801664	0.624940
1402880	2805760	0.653150
1404928	2809856	0.628692
1406976	2813952	0.662070
1409024	2818048	0.685610
1411072	2822144	0.720396
1413120	2826240	0.742989
1415168	2830336	0.620324
1417216	2834432	0.785246
1419264	2838528	0.792563
1421312	2842624	0.677720
1423360	2846720	0.755411
1425408	2850816	0.683903
1427456	2854912	0.709695
1429504	2859008	0.684062
1431552	2863104	0.705127
1433600	2867200	0.918100
1435648	2871296	0.967667
1437696	2875392	0.963201
1439744	2879488	0.658327
1441792	2883584	0.611587
1443840	2887680	0.593389
1445888	2891776	0.585206
1447936	2895872	0.646359
1449984	2899968	0.638672
1452032	2904064	0.663219
1454080	2908160	0.835357
1456128	2912256	0.731112
1458176	2916352	0.764277
1460224	2920448	0.733857
1462272	2924544	0.739964
1464320	2928640	0.704822
1466368	2932736	0.661346
1468416	2936832	0.827249
1470464	2940928	0.676435
1472512	2945024	0.953285
1474560	2949120	0.696578
1476608	2953216	0.694008
1478656	2957312	0.730882
1480704	2961408	0.698273
1482752	2965504	0.700367
1484800	2969600	0.698190
1486848	2973696	0.700980
1488896	2977792	0.702698
1490944	2981888	0.679012
1492992	2985984	0.701130
1495040	2990080	0.696621
1497088	2994176	0.653082
1499136	2998272	0.657904
1501184	3002368	0.697366
1503232	3006464	0.696296
1505280	3010560	0.693929
1507328	3014656	0.737693
1509376	3018752	0.710639
1511424	3022848	0.700606
1513472	3026944	0.718670
1515520	3031040	0.682656
1517568	3035136	0.699888
1519616	3039232	0.692239
1521664	3043328	0.710369
1523712	3047424	0.715760
1525760	3051520	0.717097
1527808	3055616	0.697622
1529856	3059712	0.718764
1531904	3063808	0.707144
1533952	3067904	0.717260
1536000	3072000	0.709459
1538048	3076096	0.718051
1540096	3080192	0.709556
1542144	3084288	0.711613
1544192	3088384	0.725744
1546240	3092480	0.714007
1548288	3096576	0.729165
1550336	3100672	0.719963
1552384	3104768	0.866316
1554432	3108864	0.681252
1556480	3112960	0.699208
1558528	3117056	0.690351
1560576	3121152	0.677830
1562624	3125248	0.715651
1564672	3129344	0.736920
1566720	3133440	0.738464
1568768	3137536	0.719070
1570816	3141632	0.713650
1572864	3145728	0.737160
1574912	3149824	0.717015
1576960	3153920	0.740937
1579008	3158016	0.722724
1581056	3162112	0.746453
1583104	3166208	0.715115
1585152	3170304	0.740747
1587200	3174400	0.719901
1589248	3178496	0.737187
1591296	3182592	0.749460
1593344	3186688	0.740449
1595392	3190784	0.734738
1597440	3194880	0.751743
1599488	3198976	0.737950
1601536	3203072	0.742168
1603584	3207168	0.735948
1605632	3211264	0.736374
1607680	3215360	0.759146
1609728	3219456	0.742929
1611776	3223552	0.754509
1613824	3227648	0.748897
1615872	3231744	0.745141
1617920	3235840	0.735189
1619968	3239936	0.750004
1622016	3244032	0.753507
1624064	3248128	0.764209
1626112	3252224	0.754142
1628160	3256320	0.750945
1630208	3260416	0.756667
1632256	3264512	0.736662
1634304	3268608	0.754036
1636352	3272704	0.737463
1638400	3276800	0.758842
1640448	3280896	0.725684
1642496	3284992	0.763382
1644544	3289088	0.698431
1646592	3293184	0.675489
1648640	3297280	0.658218
1650688	3301376	0.672956
1652736	3305472	0.653367
1654784	3309568	0.687822
1656832	3313664	0.850873
1658880	3317760	0.886077
1660928	3321856	0.955621
1662976	3325952	0.913242
1665024	3330048	0.743643
1667072	3334144	0.733396
1669120	3338240	0.729694
1671168	3342336	0.744058
1673216	3346432	0.659542
1675264	3350528	0.662594
1677312	3354624	0.662304
1679360	3358720	0.663698
1681408	3362816	0.743987
1683456	3366912	0.676280
1685504	3371008	0.873709
1687552	3375104	0.768988
1689600	3379200	0.714116
1691648	3383296	0.728216
1693696	3387392	0.709428
1695744	3391488	0.724513
1697792	3395584	0.722861
1699840	3399680	0.713525
1701888	3403776	0.721060
1703936	3407872	0.682199
1705984	3411968	0.716403
1708032	3416064	0.722624
1710080	3420160	0.715234
1712128	3424256	0.705867
1714176	3428352	0.710496
1716224	3432448	0.715106
1718272	3436544	0.776838
1720320	3440640	0.721446
1722368	3444736	0.717515
1724416	3448832	0.730708
1726464	3452928	0.724765
1728512	3457024	0.736757
1730560	3461120	0.768828
1732608	3465216	0.731339
1734656	3469312	0.733129
1736704	3473408	0.721761
1738752	3477504	0.742843
1740800	3481600	0.733856
1742848	3485696	0.726063
1744896	3489792	0.734046
1746944	3493888	0.774979
1748992	3497984	0.748073
1751040	3502080	0.736416
1753088	3506176	0.751119
1755136	3510272	0.735780
1757184	3514368	0.725368
1759232	3518464	0.741686
1761280	3522560	0.773540
1763328	3526656	0.754427
1765376	3530752	0.760028
1767424	3534848	0.754652
1769472	3538944	0.748841
1771520	3543040	0.726395
1773568	3547136	0.757101
1775616	3551232	0.738954
1777664	3555328	0.744120
1779712	3559424	0.746476
1781760	3563520	0.748908
1783808	3567616	0.750888
1785856	3571712	0.792526
1787904	3575808	0.747967
1789952	3579904	0.748829
1792000	3584000	0.765009
1794048	3588096	0.770314
1796096	3592192	0.762753
1798144	3596288	0.758975
1800192	3600384	0.754100
1802240	3604480	0.772785
1804288	3608576	0.747482
1806336	3612672	0.774638
1808384	3616768	0.774516
1810432	3620864	0.767742
1812480	3624960	0.826694
1814528	3629056	0.746301
1816576	3633152	0.763801
1818624	3637248	0.770105
1820672	3641344	0.718418
1822720	3645440	0.786684
1824768	3649536	0.764188
1826816	3653632	0.766699
1828864	3657728	0.771198
1830912	3661824	0.762969
1832960	3665920	0.785807
1835008	3670016	0.773906
1837056	3674112	0.771738
1839104	3678208	0.773924
1841152	3682304	0.791280
1843200	3686400	0.738264
1845248	3690496	0.744254
1847296	3694592	0.738929
1849344	3698688	0.746861
1851392	3702784	0.740032
1853440	3706880	0.730416
1855488	3710976	0.813730
1857536	3715072	0.774701
1859584	3719168	0.779234
1861632	3723264	0.782018
1863680	3727360	0.779627
1865728	3731456	0.795875
1867776	3735552	0.754125
1869824	3739648	0.742832
1871872	3743744	0.743497
1873920	3747840	0.740841
1875968	3751936	0.748814
1878016	3756032	0.764068
1880064	3760128	0.761551
1882112	3764224	0.752607
1884160	3768320	0.774233
1886208	3772416	0.753630
1888256	3776512	0.754363
1890304	3780608	0.759995
1892352	3784704	0.754431
1894400	3788800	0.811435
1896448	3792896	0.752077
1898496	3796992	0.773669
1900544	3801088	0.823436
1902592	3805184	0.806785
1904640	3809280	0.817818
1906688	3813376	0.822714
1908736	3817472	0.815588
1910784	3821568	0.807376
1912832	3825664	0.831420
1914880	3829760	0.799875
1916928	3833856	0.817848
1918976	3837952	0.807895
1921024	3842048	0.837363
1923072	3846144	0.821741
1925120	3850240	0.822297
1927168	3854336	0.827734
1929216	3858432	0.852196
1931264	3862528	0.829574
1933312	3866624	0.779505
1935360	3870720	0.828178
1937408	3874816	0.819117
1939456	3878912	0.844716
1941504	3883008	0.812558
1943552	3887104	0.824312
1945600	3891200	0.813780
1947648	3895296	0.819165
1949696	3899392	0.820284
1951744	3903488	0.837610
1953792	3907584	0.820992
1955840	3911680	0.821256
1957888	3915776	0.906412
1959936	3919872	0.826525
1961984	3923968	0.853891
1964032	3928064	0.840760
1966080	3932160	0.832151
1968128	3936256	0.835356
1970176	3940352	0.810340
1972224	3944448	0.786212
1974272	3948544	0.807967
1976320	3952640	0.849171
1978368	3956736	0.879266
1980416	3960832	0.844696
1982464	3964928	0.846768
1984512	3969024	0.835710
1986560	3973120	0.845366
1988608	3977216	0.849456
1990656	3981312	0.837520
1992704	3985408	0.862406
1994752	3989504	0.997663
1996800	3993600	0.855113
1998848	3997696	1.252411
2000896	4001792	1.162910
2002944	4005888	1.142682
2004992	4009984	0.983140
2007040	4014080	0.861439
2009088	4018176	1.008816
2011136	4022272	0.797504
2013184	4026368	0.771341
2015232	4030464	0.778143
2017280	4034560	0.771002
2019328	4038656	0.782380
2021376	4042752	0.779084
2023424	4046848	0.850549
2025472	4050944	0.834351
2027520	4055040	0.969190
2029568	4059136	0.920525
2031616	4063232	0.804875
2033664	4067328	0.801148
2035712	4071424	0.792766
2037760	4075520	0.795524
2039808	4079616	0.797888
2041856	4083712	0.785726
2043904	4087808	0.790483
2045952	4091904	0.803082
2048000	4096000	0.803836
2050048	4100096	0.787914
2052096	4104192	0.780373
2054144	4108288	0.784559
2056192	4112384	0.792597
2058240	4116480	0.781316
2060288	4120576	0.784273
2062336	4124672	0.796995
2064384	4128768	0.794256
2066432	4132864	0.794967
2068480	4136960	0.793509
2070528	4141056	0.786545
2072576	4145152	0.812409
2074624	4149248	0.798194
2076672	4153344	0.789655
2078720	4157440	0.790969
2080768	4161536	0.935961
2082816	4165632	0.813330
2084864	4169728	0.819166
2086912	4173824	0.797757
2088960	4177920	0.822343
2091008	4182016	0.800050
2093056	4186112	0.769700
2095104	4190208	0.763907
2097152	4194304	0.765795
2099200	4198400	0.768334
2101248	4202496	0.790495
2103296	4206592	0.780573
2105344	4210688	0.785121
2107392	4214784	0.785511
2109440	4218880	0.787982
2111488	4222976	0.876725
2113536	4227072	0.788031
2115584	4231168	0.851363
2117632	4235264	0.795911
2119680	4239360	0.762600
2121728	4243456	0.775851
2123776	4247552	0.769138
2125824	4251648	0.840811
2127872	4255744	0.818693
2129920	4259840	0.858182
2131968	4263936	0.810620
2134016	4268032	0.806762
2136064	4272128	0.810765
2138112	4276224	0.821390
2140160	4280320	0.821851
2142208	4284416	0.841671
2144256	4288512	0.848552
2146304	4292608	0.844409
2148352	4296704	0.845669
2150400	4300800	0.843578
2152448	4304896	0.845489
2154496	4308992	0.837379
2156544	4313088	0.850097
2158592	4317184	0.841478
2160640	4321280	0.847055
2162688	4325376	0.842447
2164736	4329472	0.844126
2166784	4333568	0.846647
2168832	4337664	0.846614
2170880	4341760	0.852884
2172928	4345856	0.857041
2174976	4349952	0.876496
2177024	4354048	0.857634
2179072	4358144	0.877137
2181120	4362240	0.849673
2183168	4366336	0.841996
2185216	4370432	0.801290
2187264	4374528	0.863516
2189312	4378624	0.864087
2191360	4382720	0.868434
2193408	4386816	0.859962
2195456	4390912	0.821971
2197504	4395008	0.840103
2199552	4399104	0.827082
2201600	4403200	0.828264
2203648	4407296	0.817871
2205696	4411392	0.829712
2207744	4415488	0.827331
2209792	4419584	0.813785
2211840	4423680	0.809086
2213888	4427776	0.799187
2215936	4431872	0.809467
2217984	4435968	0.811111
2220032	4440064	0.812073
2222080	4444160	0.849207
2224128	4448256	0.907595
2226176	4452352	0.862198
2228224	4456448	0.922313
2230272	4460544	0.857229
2232320	4464640	0.851317
2234368	4468736	0.860558
2236416	4472832	0.860132
2238464	4476928	0.859795
2240512	4481024	0.850256
2242560	4485120	0.853247
2244608	4489216	0.852364
2246656	4493312	0.879254
2248704	4497408	0.884196
2250752	4501504	0.862859
2252800	4505600	0.861958
2254848	4509696	0.871938
2256896	4513792	0.870238
2258944	4517888	0.861612
2260992	4521984	0.863011
2263040	4526080	0.880521
2265088	4530176	0.866528
2267136	4534272	0.837693
2269184	4538368	0.871533
2271232	4542464	0.875204
2273280	4546560	0.893016
2275328	4550656	0.868460
2277376	4554752	0.877094
2279424	4558848	0.868077
2281472	4562944	0.874523
2283520	4567040	0.871961
2285568	4571136	0.878092
2287616	4575232	0.878706
2289664	4579328	0.879211
2291712	4583424	0.872374
2293760	4587520	0.871816
2295808	4591616	0.871730
2297856	4595712	0.873353
2299904	4599808	0.882920
2301952	4603904	0.879345
2304000	4608000	0.890550
2306048	4612096	0.891964
2308096	4616192	0.876653
2310144	4620288	0.877454
2312192	4624384	0.882102
2314240	4628480	0.884753
2316288	4632576	0.837562
2318336	4636672	0.907504
2320384	4640768	0.922838
2322432	4644864	0.879573
2324480	4648960	0.849508
2326528	4653056	0.852658
2328576	4657152	0.880044
2330624	4661248	0.843103
2332672	4665344	0.849917
2334720	4669440	0.855895
2336768	4673536	0.858289
2338816	4677632	0.859077
2340864	4681728	0.859850
2342912	4685824	0.855931
2344960	4689920	0.852038
2347008	4694016	0.849595
2349056	4698112	0.851543
2351104	4702208	0.850756
2353152	4706304	0.861207
2355200	4710400	0.868363
2357248	4714496	0.889576
2359296	4718592	0.863982
2361344	4722688	0.877088
2363392	4726784	0.875537
2365440	4730880	0.866264
2367488	4734976	0.859374
2369536	4739072	0.918939
2371584	4743168	0.908533
2373632	4747264	0.931595
2375680	4751360	0.904330
2377728	4755456	0.921896
2379776	4759552	0.935999
2381824	4763648	0.932375
2383872	4767744	0.930620
2385920	4771840	0.977642
2387968	4775936	0.932486
2390016	4780032	0.907385
2392064	4784128	0.960538
2394112	4788224	0.951148
2396160	4792320	0.932821
2398208	4796416	0.934167
2400256	4800512	0.933163
2402304	4804608	1.023237
2404352	4808704	0.957047
2406400	4812800	0.954560
2408448	4816896	0.955524
2410496	4820992	0.981910
2412544	4825088	0.955535
2414592	4829184	1.053692
2416640	4833280	1.095243
2418688	4837376	0.888210
2420736	4841472	0.935355
2422784	4845568	0.934156
2424832	4849664	0.894854
2426880	4853760	0.952437
2428928	4857856	0.940157
2430976	4861952	0.926476
2433024	4866048	0.928650
2435072	4870144	0.928898
2437120	4874240	0.941268
2439168	4878336	0.938990
2441216	4882432	0.943309
2443264	4886528	0.949685
2445312	4890624	0.969475
2447360	4894720	0.941335
2449408	4898816	0.951934
2451456	4902912	0.949402
2453504	4907008	0.937870
2455552	4911104	0.936355
2457600	4915200	0.941736
2459648	4919296	0.942590
2461696	4923392	0.940285
2463744	4927488	0.945637
2465792	4931584	0.951062
2467840	4935680	0.952573
2469888	4939776	0.947481
2471936	4943872	0.996110
2473984	4947968	0.949003
2476032	4952064	0.956435
2478080	4956160	0.962426
2480128	4960256	0.994907
2482176	4964352	0.985305
2484224	4968448	1.003596
2486272	4972544	0.984693
2488320	4976640	0.990927
2490368	4980736	0.972763
2492416	4984832	0.985945
2494464	4988928	0.981708
2496512	4993024	1.239908
2498560	4997120	1.030584
2500608	5001216	0.996079
2502656	5005312	0.997130
2504704	5009408	0.993633
2506752	5013504	1.006388
2508800	5017600	0.995342
2510848	5021696	1.006594
2512896	5025792	0.993162
2514944	5029888	1.057619
2516992	5033984	1.026224
2519040	5038080	1.029978
2521088	5042176	1.038148
2523136	5046272	0.940005
2525184	5050368	0.998762
2527232	5054464	1.018712
2529280	5058560	1.005492
2531328	5062656	1.028961
2533376	5066752	1.020182
2535424	5070848	1.014424
2537472	5074944	1.032438
2539520	5079040	1.000866
2541568	5083136	1.008520
2543616	5087232	1.024616
2545664	5091328	1.023011
2547712	5095424	0.995870
2549760	5099520	1.003096
2551808	5103616	0.998188
2553856	5107712	1.002598
2555904	5111808	0.990292
2557952	5115904	0.992141
2560000	5120000	0.980014
2562048	5124096	0.982393
2564096	5128192	0.997148
2566144	5132288	1.010872
2568192	5136384	1.025541
2570240	5140480	0.996106
2572288	5144576	0.996611
2574336	5148672	0.994890
2576384	5152768	0.995535
2578432	5156864	1.001222
2580480	5160960	1.363242
2582528	5165056	1.043380
2584576	5169152	0.992660
2586624	5173248	1.001345
2588672	5177344	1.004408
2590720	5181440	1.029662
2592768	5185536	1.028603
2594816	5189632	1.024673
2596864	5193728	1.024190
2598912	5197824	0.961976
2600960	5201920	1.022940
2603008	5206016	1.026194
2605056	5210112	1.010485
2607104	5214208	1.020510
2609152	5218304	1.021172
2611200	5222400	1.007879
2613248	5226496	1.027761
2615296	5230592	1.013018
2617344	5234688	1.019198
2619392	5238784	1.020992
2621440	5242880	1.012970
2623488	5246976	1.028818
2625536	5251072	1.011846
2627584	5255168	1.009156
2629632	5259264	1.005717
2631680	5263360	1.010925
2633728	5267456	1.018700
2635776	5271552	1.020968
2637824	5275648	1.018607
2639872	5279744	1.022573
2641920	5283840	1.025880
2643968	5287936	1.020180
2646016	5292032	1.018670
2648064	5296128	1.086410
2650112	5300224	1.068572
2652160	5304320	1.063042
2654208	5308416	1.076258
2656256	5312512	1.045082
2658304	5316608	1.039908
2660352	5320704	1.020516
2662400	5324800	1.165797
2664448	5328896	1.157979
2666496	5332992	1.151972
2668544	5337088	1.143084
2670592	5341184	1.138976
2672640	5345280	1.149250
2674688	5349376	1.146443
2676736	5353472	1.129695
2678784	5357568	1.150537
2680832	5361664	1.172840
2682880	5365760	1.169602
2684928	5369856	1.196494
2686976	5373952	1.232545
2689024	5378048	1.470737
2691072	5382144	1.108358
2693120	5386240	1.485848
2695168	5390336	1.356929
2697216	5394432	1.349436
2699264	5398528	1.439175
2701312	5402624	1.418894
2703360	5406720	1.441579
2705408	5410816	1.402024
2707456	5414912	1.436167
2709504	5419008	1.403604
2711552	5423104	1.393072
2713600	5427200	1.486245
2715648	5431296	1.436103
2717696	5435392	1.422296
2719744	5439488	1.437183
2721792	5443584	1.439533
2723840	5447680	1.459555
2725888	5451776	1.441311
2727936	5455872	1.409535
2729984	5459968	1.375719
2732032	5464064	1.336469
2734080	5468160	1.390690
2736128	5472256	1.309494
2738176	5476352	1.370297
2740224	5480448	1.480178
2742272	5484544	1.427690
2744320	5488640	1.421134
2746368	5492736	1.455165
2748416	5496832	1.462523
2750464	5500928	1.446039
2752512	5505024	1.424168
2754560	5509120	1.473707
2756608	5513216	1.469148
2758656	5517312	1.451064
2760704	5521408	1.506521
2762752	5525504	1.473381
2764800	5529600	1.486009
2766848	5533696	1.412112
2768896	5537792	1.507143
2770944	5541888	1.503396
2772992	5545984	1.404547
2775040	5550080	1.494452
2777088	5554176	1.474092
2779136	5558272	1.471475
2781184	5562368	1.415275
2783232	5566464	1.351517
2785280	5570560	1.462041
2787328	5574656	1.421454
2789376	5578752	1.365586
2791424	5582848	1.449255
2793472	5586944	1.482652
2795520	5591040	1.550805
2797568	5595136	1.509681
2799616	5599232	1.499723
2801664	5603328	1.454176
2803712	5607424	1.523399
2805760	5611520	1.398830
2807808	5615616	1.509831
2809856	5619712	1.397605
2811904	5623808	1.528833
2813952	5627904	1.507659
2816000	5632000	1.469277
2818048	5636096	1.484864
2820096	5640192	1.496732
2822144	5644288	1.401480
2824192	5648384	1.397390
2826240	5652480	1.394041
2828288	5656576	1.353936
2830336	5660672	1.542894
2832384	5664768	1.469027
2834432	5668864	1.447233
2836480	5672960	1.416577
2838528	5677056	1.459216
2840576	5681152	1.485612
2842624	5685248	1.521275
2844672	5689344	1.560122
2846720	5693440	1.530678
2848768	5697536	1.565348
2850816	5701632	1.549500
2852864	5705728	1.527269
2854912	5709824	1.399998
2856960	5713920	1.480307
2859008	5718016	1.538548
2861056	5722112	1.479845
2863104	5726208	1.516964
2865152	5730304	1.535614
2867200	5734400	1.494741
2869248	5738496	1.514826
2871296	5742592	1.568022
2873344	5746688	1.461884
2875392	5750784	1.537160
2877440	5754880	1.510588
2879488	5758976	1.358424
2881536	5763072	1.427261
2883584	5767168	1.390355
2885632	5771264	1.437973
2887680	5775360	1.419960
2889728	5779456	1.462797
2891776	5783552	1.453589
2893824	5787648	1.439127
2895872	5791744	1.435497
2897920	5795840	1.377085
2899968	5799936	1.370986
2902016	5804032	1.395471
2904064	5808128	1.386875
2906112	5812224	1.452537
2908160	5816320	1.474921
2910208	5820416	1.420614
2912256	5824512	1.441509
2914304	5828608	1.460283
2916352	5832704	1.426727
2918400	5836800	1.485939
2920448	5840896	1.395595
2922496	5844992	1.398027
2924544	5849088	1.420845
2926592	5853184	1.480709
2928640	5857280	1.447115
2930688	5861376	1.446224
2932736	5865472	1.397642
2934784	5869568	1.368373
2936832	5873664	1.455067
2938880	5877760	1.451335
2940928	5881856	1.453026
2942976	5885952	1.427359
2945024	5890048	1.458562
2947072	5894144	1.451006
2949120	5898240	1.435808
2951168	5902336	1.394230
2953216	5906432	1.452148
2955264	5910528	1.483219
2957312	5914624	1.488192
2959360	5918720	1.452287
2961408	5922816	1.423665
2963456	5926912	1.427560
2965504	5931008	1.426792
2967552	5935104	1.442028
2969600	5939200	1.471185
2971648	5943296	1.455355
2973696	5947392	1.450133
2975744	5951488	1.478566
2977792	5955584	1.508701
2979840	5959680	1.473275
2981888	5963776	1.448538
2983936	5967872	1.400049
2985984	5971968	1.363513
2988032	5976064	1.549811
2990080	5980160	1.494915
2992128	5984256	1.511589
2994176	5988352	1.483443
2996224	5992448	1.426231
2998272	5996544	1.435500
3000320	6000640	1.398440
3002368	6004736	1.445838
3004416	6008832	1.514422
3006464	6012928	1.547397
3008512	6017024	1.488802
3010560	6021120	1.475584
3012608	6025216	1.506813
3014656	6029312	1.431002
3016704	6033408	1.513654
3018752	6037504	1.447943
3020800	6041600	1.498584
3022848	6045696	1.423947
3024896	6049792	1.456471
3026944	6053888	1.517549
3028992	6057984	1.494950
3031040	6062080	1.518165
3033088	6066176	1.490685
3035136	6070272	1.450556
3037184	6074368	1.540175
3039232	6078464	1.487499
3041280	6082560	1.493452
3043328	6086656	1.472608
3045376	6090752	1.571153
3047424	6094848	1.558821
3049472	6098944	1.543329
3051520	6103040	1.486424
3053568	6107136	1.412211
3055616	6111232	1.504591
3057664	6115328	1.434539
3059712	6119424	1.521042
3061760	6123520	1.517772
3063808	6127616	1.509833
3065856	6131712	1.521411
3067904	6135808	1.487490
3069952	6139904	1.476021
3072000	6144000	1.471992
3074048	6148096	1.481770
3076096	6152192	1.557488
3078144	6156288	1.554068
3080192	6160384	1.532286
3082240	6164480	1.631206
3084288	6168576	1.573927
3086336	6172672	1.566489
3088384	6176768	1.594902
3090432	6180864	1.534943
3092480	6184960	1.485154
3094528	6189056	1.465730
3096576	6193152	1.503445
3098624	6197248	1.427221
3100672	6201344	1.476074
3102720	6205440	1.590108
3104768	6209536	1.462704
3106816	6213632	1.552108
3108864	6217728	1.532216
3110912	6221824	1.495488
3112960	6225920	1.536589
3115008	6230016	1.498769
3117056	6234112	1.469243
3119104	6238208	1.555958
3121152	6242304	1.494884
3123200	6246400	1.505810
3125248	6250496	1.556813
3127296	6254592	1.531393
3129344	6258688	1.525745
3131392	6262784	1.475978
3133440	6266880	1.831068
3135488	6270976	1.375346
3137536	6275072	1.515069
3139584	6279168	1.523688
3141632	6283264	1.454212
3143680	6287360	1.523957
3145728	6291456	1.548843
3147776	6295552	1.540108
3149824	6299648	1.521185
3151872	6303744	1.474153
3153920	6307840	1.577425
3155968	6311936	1.486643
3158016	6316032	1.477596
3160064	6320128	1.510876
3162112	6324224	1.473003
3164160	6328320	1.511941
3166208	6332416	1.536330
3168256	6336512	1.522286
3170304	6340608	1.519122
3172352	6344704	1.493087
3174400	6348800	1.557912
3176448	6352896	1.560050
3178496	6356992	1.595489
3180544	6361088	1.498194
3182592	6365184	1.547351
3184640	6369280	1.576434
3186688	6373376	1.610701
3188736	6377472	1.569898
3190784	6381568	1.535195
3192832	6385664	1.605830
3194880	6389760	1.569467
3196928	6393856	1.592082
3198976	6397952	1.550069
3201024	6402048	1.524478
3203072	6406144	1.581078
3205120	6410240	1.555135
3207168	6414336	1.556933
3209216	6418432	1.526430
3211264	6422528	1.621715
3213312	6426624	1.657656
3215360	6430720	1.544434
3217408	6434816	1.558644
3219456	6438912	1.538163
3221504	6443008	1.549209
3223552	6447104	1.629970
3225600	6451200	1.662200
3227648	6455296	1.519648
3229696	6459392	1.547194
3231744	6463488	1.540833
3233792	6467584	1.629000
3235840	6471680	1.535634
3237888	6475776	1.533153
3239936	6479872	1.577983
3241984	6483968	1.587247
3244032	6488064	1.557843
3246080	6492160	1.654077
3248128	6496256	1.741412
3250176	6500352	1.712911
3252224	6504448	1.772545
3254272	6508544	1.756731
3256320	6512640	1.737526
3258368	6516736	1.743931
3260416	6520832	1.761313
3262464	6524928	1.769495
3264512	6529024	1.740162
3266560	6533120	1.686698
3268608	6537216	1.738545
3270656	6541312	1.760911
3272704	6545408	1.765889
3274752	6549504	1.635391
3276800	6553600	1.761210
3278848	6557696	1.621628
3280896	6561792	1.769127
3282944	6565888	1.751495
3284992	6569984	1.714301
3287040	6574080	1.751377
3289088	6578176	1.644534
3291136	6582272	1.750382
3293184	6586368	1.794363
3295232	6590464	1.765941
3297280	6594560	1.829943
3299328	6598656	1.900770
3301376	6602752	1.748619
3303424	6606848	1.749365
3305472	6610944	1.736488
3307520	6615040	1.849484
3309568	6619136	1.765525
3311616	6623232	1.780446
3313664	6627328	1.805401
3315712	6631424	1.790086
3317760	6635520	1.721325
3319808	6639616	1.679875
3321856	6643712	1.841691
3323904	6647808	1.765053
3325952	6651904	1.680227
3328000	6656000	1.636936
3330048	6660096	1.660356
3332096	6664192	1.694544
3334144	6668288	1.650404
3336192	6672384	1.661637
3338240	6676480	1.658391
3340288	6680576	1.568505
3342336	6684672	1.682020
3344384	6688768	1.661411
3346432	6692864	1.593454
3348480	6696960	1.647770
3350528	6701056	1.653779
3352576	6705152	1.654089
3354624	6709248	1.663674
3356672	6713344	1.672747
3358720	6717440	1.694720
3360768	6721536	1.662615
3362816	6725632	1.656913
3364864	6729728	1.649327
3366912	6733824	1.576224
3368960	6737920	1.503772
3371008	6742016	1.602804
3373056	6746112	1.562261
3375104	6750208	1.540419
3377152	6754304	1.563323
3379200	6758400	1.495606
3381248	6762496	1.576944
3383296	6766592	1.568236
3385344	6770688	1.605258
3387392	6774784	1.598075
3389440	6778880	1.706580
3391488	6782976	1.630557
3393536	6787072	1.687431
3395584	6791168	1.554633
3397632	6795264	1.587509
3399680	6799360	1.688876
3401728	6803456	1.693101
3403776	6807552	1.750419
3405824	6811648	1.647816
3407872	6815744	1.668296
3409920	6819840	1.694559
3411968	6823936	1.587428
3414016	6828032	1.597405
3416064	6832128	1.603952
3418112	6836224	1.514057
3420160	6840320	1.585944
3422208	6844416	1.726912
3424256	6848512	1.686057
3426304	6852608	1.713384
3428352	6856704	1.637425
3430400	6860800	1.692845
3432448	6864896	1.731146
3434496	6868992	1.525213
3436544	6873088	1.590253
3438592	6877184	1.589714
3440640	6881280	1.591820
3442688	6885376	1.616405
3444736	6889472	1.616743
3446784	6893568	1.537543
3448832	6897664	1.558309
3450880	6901760	1.608045
3452928	6905856	1.614641
3454976	6909952	1.620977
3457024	6914048	1.600336
3459072	6918144	1.488311
3461120	6922240	1.598125
3463168	6926336	1.750636
3465216	6930432	1.729327
3467264	6934528	1.686422
3469312	6938624	1.643343
3471360	6942720	1.715135
3473408	6946816	1.681808
3475456	6950912	1.615158
3477504	6955008	1.537438
3479552	6959104	1.528154
3481600	6963200	1.588190
3483648	6967296	1.645698
3485696	6971392	1.741373
3487744	6975488	1.702033
3489792	6979584	1.774783
3491840	6983680	1.737301
3493888	6987776	1.717907
3495936	6991872	1.625341
3497984	6995968	1.604599
3500032	7000064	1.616402
3502080	7004160	1.628619
3504128	7008256	1.662388
3506176	7012352	1.751827
3508224	7016448	1.733923
3510272	7020544	1.782219
3512320	7024640	1.741512
3514368	7028736	1.729558
3516416	7032832	1.728572
3518464	7036928	1.771786
3520512	7041024	1.640579
3522560	7045120	1.634220
3524608	7049216	1.595608
3526656	7053312	1.645602
3528704	7057408	1.532186
3530752	7061504	1.636157
3532800	7065600	1.633104
3534848	7069696	1.600883
3536896	7073792	1.629112
3538944	7077888	1.632168
3540992	7081984	1.653756
3543040	7086080	1.632274
3545088	7090176	1.673979
3547136	7094272	1.636963
3549184	7098368	1.644540
3551232	7102464	1.652789
3553280	7106560	1.666429
3555328	7110656	1.532807
3557376	7114752	1.640539
3559424	7118848	1.661595
3561472	7122944	1.599381
3563520	7127040	1.680932
3565568	7131136	1.658069
3567616	7135232	1.560825
3569664	7139328	1.654564
3571712	7143424	1.656490
3573760	7147520	1.732601
3575808	7151616	1.779990
3577856	7155712	1.748314
3579904	7159808	1.738562
3581952	7163904	1.761866
3584000	7168000	1.663678
3586048	7172096	1.653419
3588096	7176192	1.651964
3590144	7180288	1.664518
3592192	7184384	1.661847
3594240	7188480	1.676954
3596288	7192576	1.680840
3598336	7196672	1.673862
3600384	7200768	1.682098
3602432	7204864	1.631636
3604480	7208960	1.667541
3606528	7213056	1.666819
3608576	7217152	1.593496
3610624	7221248	1.674791
3612672	7225344	1.624216
3614720	7229440	1.821524
3616768	7233536	1.794225
3618816	7237632	1.775288
3620864	7241728	1.798319
3622912	7245824	1.702859
3624960	7249920	1.819626
3627008	7254016	1.812880
3629056	7258112	1.808952
3631104	7262208	1.836393
3633152	7266304	1.839500
3635200	7270400	1.813045
3637248	7274496	1.822761
3639296	7278592	1.805323
3641344	7282688	1.789932
3643392	7286784	1.755183
3645440	7290880	1.805214
3647488	7294976	1.727838
3649536	7299072	1.806278
3651584	7303168	1.834055
3653632	7307264	1.835714
3655680	7311360	1.832755
3657728	7315456	1.840390
3659776	7319552	1.828101
3661824	7323648	1.809105
3663872	7327744	1.793443
3665920	7331840	1.767860
3667968	7335936	1.813954
3670016	7340032	1.893543
3672064	7344128	1.859381
3674112	7348224	1.878007
3676160	7352320	1.873227
3678208	7356416	1.856747
3680256	7360512	1.878913
3682304	7364608	1.842169
3684352	7368704	1.809239
3686400	7372800	1.781726
3688448	7376896	1.851387
3690496	7380992	1.844235
3692544	7385088	1.774560
3694592	7389184	1.844976
3696640	7393280	1.849202
3698688	7397376	1.862496
3700736	7401472	1.843120
3702784	7405568	1.930212
3704832	7409664	1.903937
3706880	7413760	1.918959
3708928	7417856	1.906179
3710976	7421952	1.908599
3713024	7426048	1.895648
3715072	7430144	1.920216
3717120	7434240	1.882687
3719168	7438336	1.493181
3721216	7442432	1.453817
3723264	7446528	1.464315
3725312	7450624	1.461109
3727360	7454720	1.468156
3729408	7458816	1.450270
3731456	7462912	1.462450
3733504	7467008	1.443142
3735552	7471104	1.447771
3737600	7475200	1.377853
3739648	7479296	1.455662
3741696	7483392	1.503783
3743744	7487488	1.499991
3745792	7491584	1.511194
3747840	7495680	1.459418
3749888	7499776	1.467734
3751936	7503872	1.470938
3753984	7507968	1.474237
3756032	7512064	1.465059
3758080	7516160	1.469751
3760128	7520256	1.458975
3762176	7524352	1.475166
3764224	7528448	1.457769
3766272	7532544	1.471500
3768320	7536640	1.469817
3770368	7540736	1.462161
3772416	7544832	1.486922
3774464	7548928	1.464200
3776512	7553024	1.462777
3778560	7557120	1.467711
3780608	7561216	1.475624
3782656	7565312	1.474476
3784704	7569408	1.482154
3786752	7573504	1.487184
3788800	7577600	1.488818
3790848	7581696	1.476204
3792896	7585792	1.486981
3794944	7589888	1.464473
3796992	7593984	1.471154
3799040	7598080	1.473431
3801088	7602176	1.476683
3803136	7606272	1.473190
3805184	7610368	1.520088
3807232	7614464	1.488512
3809280	7618560	1.514163
3811328	7622656	1.513425
3813376	7626752	1.521310
3815424	7630848	1.529376
3817472	7634944	1.555828
3819520	7639040	1.539659
3821568	7643136	1.541278
3823616	7647232	1.536828
3825664	7651328	1.544657
3827712	7655424	1.552277
3829760	7659520	1.548727
3831808	7663616	1.556205
3833856	7667712	1.560107
3835904	7671808	1.561447
3837952	7675904	1.556447
3840000	7680000	1.554145
3842048	7684096	1.511455
3844096	7688192	1.508739
3846144	7692288	1.514256
3848192	7696384	1.503479
3850240	7700480	1.512075
3852288	7704576	1.513957
3854336	7708672	1.519389
3856384	7712768	1.503350
3858432	7716864	1.507584
3860480	7720960	1.508753
3862528	7725056	1.505328
3864576	7729152	1.512258
3866624	7733248	1.519496
3868672	7737344	1.548937
3870720	7741440	1.541384
3872768	7745536	1.520043
3874816	7749632	1.555355
3876864	7753728	1.555571
3878912	7757824	1.560802
3880960	7761920	1.559463
3883008	7766016	1.542726
3885056	7770112	1.519436
3887104	7774208	1.527426
3889152	7778304	1.524090
3891200	7782400	1.536945
3893248	7786496	1.527844
3895296	7790592	1.516374
3897344	7794688	1.514594
3899392	7798784	1.528456
3901440	7802880	1.528108
3903488	7806976	1.521161
3905536	7811072	1.521132
3907584	7815168	1.520463
3909632	7819264	1.521474
3911680	7823360	1.519765
3913728	7827456	1.523115
3915776	7831552	1.536454
3917824	7835648	1.564704
3919872	7839744	1.563428
3921920	7843840	1.571975
3923968	7847936	1.562401
3926016	7852032	1.567794
3928064	7856128	1.526796
3930112	7860224	1.531247
3932160	7864320	1.540073
3934208	7868416	1.529674
3936256	7872512	1.529976
3938304	7876608	1.554713
3940352	7880704	1.537840
3942400	7884800	1.533575
3944448	7888896	1.572311
3946496	7892992	1.573228
3948544	7897088	1.579548
3950592	7901184	1.601470
3952640	7905280	1.578137
3954688	7909376	1.588287
3956736	7913472	1.573063
3958784	7917568	1.578611
3960832	7921664	1.588417
3962880	7925760	1.596883
3964928	7929856	1.596356
3966976	7933952	1.592076
3969024	7938048	1.517787
3971072	7942144	1.608156
3973120	7946240	1.582523
3975168	7950336	1.499964
3977216	7954432	1.583594
3979264	7958528	1.609725
3981312	7962624	1.598039
3983360	7966720	1.587926
3985408	7970816	1.609375
3987456	7974912	1.609328
3989504	7979008	1.605620
3991552	7983104	1.596738
3993600	7987200	1.627181
3995648	7991296	1.627258
3997696	7995392	1.587512
3999744	7999488	1.580736
4001792	8003584	1.582529
4003840	8007680	1.569964
4005888	8011776	1.569413
4007936	8015872	1.574627
4009984	8019968	1.563415
4012032	8024064	1.560030
4014080	8028160	1.575914
4016128	8032256	1.557322
4018176	8036352	1.558904
4020224	8040448	1.472387
4022272	8044544	1.576030
4024320	8048640	1.581103
4026368	8052736	1.576752
4028416	8056832	1.584075
4030464	8060928	1.588549
4032512	8065024	1.603021
4034560	8069120	1.585359
4036608	8073216	1.601774
4038656	8077312	1.570619
4040704	8081408	1.609099
4042752	8085504	1.605372
4044800	8089600	1.618254
4046848	8093696	1.623381
4048896	8097792	1.642161
4050944	8101888	1.662773
4052992	8105984	1.654475
4055040	8110080	1.637541
4057088	8114176	1.665161
4059136	8118272	1.674850
4061184	8122368	1.634963
4063232	8126464	1.631449
4065280	8130560	1.626665
4067328	8134656	1.612603
4069376	8138752	1.641177
4071424	8142848	1.621803
4073472	8146944	1.614595
4075520	8151040	1.625177
4077568	8155136	1.634213
4079616	8159232	1.633805
4081664	8163328	1.618504
4083712	8167424	1.610805
4085760	8171520	1.612012
4087808	8175616	1.635390
4089856	8179712	1.571306
4091904	8183808	1.566885
4093952	8187904	1.572990
4096000	8192000	1.570841
4098048	8196096	1.614823
4100096	8200192	1.617793
4102144	8204288	1.614083
4104192	8208384	1.620432
4106240	8212480	1.618374
4108288	8216576	1.621612
4110336	8220672	1.621562
4112384	8224768	1.643865
4114432	8228864	1.582424
4116480	8232960	1.576490
4118528	8237056	1.583219
4120576	8241152	1.584902
4122624	8245248	1.585147
4124672	8249344	1.584611
4126720	8253440	1.579159
4128768	8257536	1.583646
4130816	8261632	1.595254
4132864	8265728	1.611304
4134912	8269824	1.608830
4136960	8273920	1.593879
4139008	8278016	1.588499
4141056	8282112	1.608576
4143104	8286208	1.585756
4145152	8290304	1.596785
4147200	8294400	1.593482
4149248	8298496	1.617307
4151296	8302592	1.637588
4153344	8306688	1.641252
4155392	8310784	1.639929
4157440	8314880	1.660766
4159488	8318976	1.646101
4161536	8323072	1.647780
4163584	8327168	1.592126
4165632	8331264	1.623809
4167680	8335360	1.603540
4169728	8339456	1.597258
4171776	8343552	1.600708
4173824	8347648	1.600013
4175872	8351744	1.606418
4177920	8355840	1.605589
4179968	8359936	1.601272
4182016	8364032	1.608887
4184064	8368128	1.657984
4186112	8372224	1.656083
4188160	8376320	1.651284
4190208	8380416	1.682298
4192256	8384512	1.652545
4194304	8388608	1.656675
4196352	8392704	1.656165
4198400	8396800	1.661277
4200448	8400896	1.658965
4202496	8404992	1.654066
4204544	8409088	1.661027
4206592	8413184	1.655404
4208640	8417280	1.597722
4210688	8421376	1.585085
4212736	8425472	1.580738
4214784	8429568	1.577465
4216832	8433664	1.588210
4218880	8437760	1.686816
4220928	8441856	1.541144
4222976	8445952	1.543143
4225024	8450048	1.548163
4227072	8454144	1.540921
4229120	8458240	1.542581
4231168	8462336	1.545028
4233216	8466432	1.539002
4235264	8470528	1.580727
4237312	8474624	1.582481
4239360	8478720	1.582185
4241408	8482816	1.586812
4243456	8486912	1.586737
4245504	8491008	1.706370
4247552	8495104	1.677453
4249600	8499200	1.633866
4251648	8503296	1.633107
4253696	8507392	1.633966
4255744	8511488	1.633687
4257792	8515584	1.641113
4259840	8519680	1.649620
4261888	8523776	1.659885
4263936	8527872	1.645996
4265984	8531968	1.688972
4268032	8536064	1.683787
4270080	8540160	1.695714
4272128	8544256	1.707816
4274176	8548352	1.685469
4276224	8552448	1.704192
4278272	8556544	1.722768
4280320	8560640	1.717225
4282368	8564736	1.713916
4284416	8568832	1.697334
4286464	8572928	1.733327
4288512	8577024	1.695369
4290560	8581120	1.697881
4292608	8585216	1.697324
4294656	8589312	1.738056
4296704	8593408	1.667988
4298752	8597504	1.701898
4300800	8601600	1.706979
4302848	8605696	1.669081
4304896	8609792	1.660766
4306944	8613888	1.671169
4308992	8617984	1.660068
4311040	8622080	1.699278
4313088	8626176	1.714306
4315136	8630272	1.716223
4317184	8634368	1.722414
4319232	8638464	1.653348
4321280	8642560	1.655371
4323328	8646656	1.658912
4325376	8650752	1.672025
4327424	8654848	1.685438
4329472	8658944	1.685766
4331520	8663040	1.681412
4333568	8667136	1.675289
4335616	8671232	1.680421
4337664	8675328	1.699835
4339712	8679424	1.724539
4341760	8683520	1.707239
4343808	8687616	1.685963
4345856	8691712	1.682409
4347904	8695808	1.685598
4349952	8699904	1.679774
4352000	8704000	1.686628
4354048	8708096	1.710103
4356096	8712192	1.695428
4358144	8716288	1.709487
4360192	8720384	1.736157
4362240	8724480	1.766652
4364288	8728576	1.695988
4366336	8732672	1.690571
4368384	8736768	1.606703
4370432	8740864	1.700301
4372480	8744960	1.696846
4374528	8749056	1.692850
4376576	8753152	1.722283
4378624	8757248	1.715453
4380672	8761344	1.716574
4382720	8765440	1.712641
4384768	8769536	1.704898
4386816	8773632	1.714628
4388864	8777728	1.711512
4390912	8781824	1.705737
4392960	8785920	1.696827
4395008	8790016	1.696253
4397056	8794112	1.694056
4399104	8798208	1.702253
4401152	8802304	1.743960
4403200	8806400	1.778065
4405248	8810496	1.760945
4407296	8814592	1.763465
4409344	8818688	1.755996
4411392	8822784	1.764292
4413440	8826880	1.744084
4415488	8830976	1.756064
4417536	8835072	1.780585
4419584	8839168	1.775248
4421632	8843264	1.771511
4423680	8847360	1.778516
4425728	8851456	1.788257
4427776	8855552	1.778806
4429824	8859648	1.752772
4431872	8863744	1.753909
4433920	8867840	1.756060
4435968	8871936	1.768107
4438016	8876032	1.758684
4440064	8880128	1.718027
4442112	8884224	1.749634
4444160	8888320	1.713400
4446208	8892416	1.718186
4448256	8896512	1.709098
4450304	8900608	1.726796
4452352	8904704	1.723634
4454400	8908800	1.733379
4456448	8912896	1.735016
4458496	8916992	1.745316
4460544	8921088	1.749023
4462592	8925184	1.787958
4464640	8929280	1.785637
4466688	8933376	1.791068
4468736	8937472	1.788650
4470784	8941568	1.774487
4472832	8945664	1.774574
4474880	8949760	1.775351
4476928	8953856	1.786284
4478976	8957952	1.791287
4481024	8962048	1.773057
4483072	8966144	1.776503
4485120	8970240	1.923134
4487168	8974336	2.089598
4489216	8978432	1.822800
4491264	8982528	1.811673
4493312	8986624	1.818255
4495360	8990720	1.827215
4497408	8994816	1.816824
4499456	8998912	2.357652
4501504	9003008	2.483828
4503552	9007104	2.520189
4505600	9011200	2.489688
4507648	9015296	2.462385
4509696	9019392	1.763891
4511744	9023488	1.764289
4513792	9027584	1.780238
4515840	9031680	1.765323
4517888	9035776	1.814508
4519936	9039872	1.805816
4521984	9043968	1.802736
4524032	9048064	1.801209
4526080	9052160	1.716530
4528128	9056256	1.715329
4530176	9060352	1.918479
4532224	9064448	1.725531
4534272	9068544	1.743157
4536320	9072640	1.732940
4538368	9076736	1.737184
4540416	9080832	1.744029
4542464	9084928	1.740021
4544512	9089024	1.739051
4546560	9093120	1.733010
4548608	9097216	1.698702
4550656	9101312	1.695099
4552704	9105408	1.687660
4554752	9109504	1.856291
4556800	9113600	1.763661
4558848	9117696	1.755114
4560896	9121792	1.766317
4562944	9125888	1.763201
4564992	9129984	1.762593
4567040	9134080	1.761223
4569088	9138176	1.775554
4571136	9142272	1.761714
4573184	9146368	1.779004
4575232	9150464	1.770730
4577280	9154560	1.765600
4579328	9158656	1.768982
4581376	9162752	1.706515
4583424	9166848	1.822016
4585472	9170944	1.783559
4587520	9175040	1.786019
4589568	9179136	1.784600
4591616	9183232	1.814515
4593664	9187328	1.788252
4595712	9191424	1.802338
4597760	9195520	1.795962
4599808	9199616	1.813306
4601856	9203712	1.798285
4603904	9207808	1.793408
4605952	9211904	1.803101
4608000	9216000	1.841457
4610048	9220096	1.837981
4612096	9224192	1.747122
4614144	9228288	1.722459
4616192	9232384	1.719764
4618240	9236480	1.712010
4620288	9240576	1.713032
4622336	9244672	1.754152
4624384	9248768	1.739278
4626432	9252864	1.738231
4628480	9256960	1.745003
4630528	9261056	1.745369
4632576	9265152	1.776186
4634624	9269248	1.785952
4636672	9273344	1.760843
4638720	9277440	1.767140
4640768	9281536	1.892397
4642816	9285632	1.833076
4644864	9289728	2.162813
4646912	9293824	1.970193
4648960	9297920	1.754910
4651008	9302016	2.144138
4653056	9306112	1.829714
4655104	9310208	1.800983
4657152	9314304	1.832200
4659200	9318400	1.964491
4661248	9322496	2.282961
4663296	9326592	1.808172
4665344	9330688	1.819465
4667392	9334784	2.128243
4669440	9338880	1.811241
4671488	9342976	1.744474
4673536	9347072	1.758203
4675584	9351168	1.757407
4677632	9355264	1.751071
4679680	9359360	1.818417
4681728	9363456	2.093780
4683776	9367552	1.837149
4685824	9371648	1.833614
4687872	9375744	1.822891
4689920	9379840	1.839637
4691968	9383936	1.817597
4694016	9388032	1.805885
4696064	9392128	1.801185
4698112	9396224	1.802883
4700160	9400320	1.934303
4702208	9404416	2.351760
4704256	9408512	2.276083
4706304	9412608	2.299605
4708352	9416704	2.726410
4710400	9420800	2.076637
4712448	9424896	1.980185
4714496	9428992	2.294960
4716544	9433088	2.109192
4718592	9437184	2.525586
4720640	9441280	2.034012
4722688	9445376	2.214154
4724736	9449472	2.090918
4726784	9453568	2.228628
4728832	9457664	2.428371
4730880	9461760	1.976664
4732928	9465856	2.123323
4734976	9469952	1.960991
4737024	9474048	2.406910
4739072	9478144	2.440545
4741120	9482240	2.433468
4743168	9486336	2.006243
4745216	9490432	1.928724
4747264	9494528	2.131380
4749312	9498624	1.935406
4751360	9502720	1.906985
4753408	9506816	1.931482
4755456	9510912	1.935197
4757504	9515008	1.948534
4759552	9519104	1.975539
4761600	9523200	2.157695
4763648	9527296	2.189662
4765696	9531392	2.004400
4767744	9535488	1.916178
4769792	9539584	1.910050
4771840	9543680	2.045095
4773888	9547776	1.955594
4775936	9551872	2.036335
4777984	9555968	1.932773
4780032	9560064	1.986846
4782080	9564160	2.012683
4784128	9568256	2.122096
4786176	9572352	1.993849
4788224	9576448	1.975951
4790272	9580544	2.005979
4792320	9584640	2.397454
4794368	9588736	2.308899
4796416	9592832	1.990941
4798464	9596928	2.036356
4800512	9601024	2.079752
4802560	9605120	1.995921
4804608	9609216	2.160436
4806656	9613312	2.592464
4808704	9617408	2.560501
4810752	9621504	2.456062
4812800	9625600	2.066155
4814848	9629696	2.104873
4816896	9633792	2.069767
4818944	9637888	2.073068
4820992	9641984	2.063410
4823040	9646080	2.012705
4825088	9650176	2.167429
4827136	9654272	2.032197
4829184	9658368	2.119903
4831232	9662464	2.008108
4833280	9666560	2.035946
4835328	9670656	2.154538
4837376	9674752	2.218479
4839424	9678848	2.124996
4841472	9682944	2.258511
4843520	9687040	2.192582
4845568	9691136	2.016194
4847616	9695232	2.089301
4849664	9699328	2.126837
4851712	9703424	2.556327
4853760	9707520	2.241967
4855808	9711616	2.080944
4857856	9715712	2.024420
4859904	9719808	2.382885
4861952	9723904	2.082059
4864000	9728000	2.068116
4866048	9732096	2.068976
4868096	9736192	2.084020
4870144	9740288	2.101012
4872192	9744384	2.093966
4874240	9748480	2.183755
4876288	9752576	2.102980
4878336	9756672	2.114685
4880384	9760768	2.455154
4882432	9764864	2.199257
4884480	9768960	2.134877
4886528	9773056	2.080238
4888576	9777152	2.111015
4890624	9781248	2.182331
4892672	9785344	2.095553
4894720	9789440	2.228164
4896768	9793536	2.197811
4898816	9797632	2.208867
4900864	9801728	2.102750
4902912	9805824	2.111435
4904960	9809920	2.262898
4907008	9814016	2.152065
4909056	9818112	2.127268
4911104	9822208	2.155277
4913152	9826304	2.183333
4915200	9830400	2.448836
4917248	9834496	2.206307
4919296	9838592	2.207984
4921344	9842688	2.092634
4923392	9846784	2.119150
4925440	9850880	2.079388
4927488	9854976	2.121403
4929536	9859072	2.467588
4931584	9863168	2.294329
4933632	9867264	2.432449
4935680	9871360	2.783794
4937728	9875456	2.229438
4939776	9879552	2.229843
4941824	9883648	2.189489
4943872	9887744	2.273316
4945920	9891840	2.238646
4947968	9895936	2.278360
4950016	9900032	2.333272
4952064	9904128	2.428738
4954112	9908224	2.281017
4956160	9912320	2.335180
4958208	9916416	2.284967
4960256	9920512	2.265447
4962304	9924608	2.322462
4964352	9928704	2.297139
4966400	9932800	2.431041
4968448	9936896	2.362866
4970496	9940992	2.155707
4972544	9945088	2.147264
4974592	9949184	2.160798
4976640	9953280	2.201414
4978688	9957376	2.241109
4980736	9961472	2.308715
4982784	9965568	2.285044
4984832	9969664	2.381363
4986880	9973760	2.314113
4988928	9977856	2.181838
4990976	9981952	2.145699
4993024	9986048	2.170312
4995072	9990144	2.247040
4997120	9994240	2.127415
4999168	9998336	2.259839
5001216	10002432	2.097950
5003264	10006528	2.088591
5005312	10010624	2.768557
5007360	10014720	2.091063
5009408	10018816	2.200323
5011456	10022912	2.319706
5013504	10027008	2.587105
5015552	10031104	2.076697
5017600	10035200	2.140743
5019648	10039296	2.265158
5021696	10043392	2.146030
5023744	10047488	2.116931
5025792	10051584	2.153016
5027840	10055680	2.071407
5029888	10059776	2.084378
5031936	10063872	2.119904
5033984	10067968	2.116383
5036032	10072064	2.083630
5038080	10076160	2.212515
5040128	10080256	2.303775
5042176	10084352	2.144661
5044224	10088448	2.117414
5046272	10092544	2.119331
5048320	10096640	2.088575
5050368	10100736	2.088462
5052416	10104832	2.126248
5054464	10108928	2.089711
5056512	10113024	2.107938
5058560	10117120	2.093398
5060608	10121216	2.077946
5062656	10125312	2.137193
5064704	10129408	2.112061
5066752	10133504	2.025340
5068800	10137600	2.028008
5070848	10141696	2.128957
5072896	10145792	2.113371
5074944	10149888	2.116094
5076992	10153984	2.094451
5079040	10158080	2.179041
5081088	10162176	2.158558
5083136	10166272	2.165749
5085184	10170368	2.274187
5087232	10174464	2.164354
5089280	10178560	2.147642
5091328	10182656	2.199815
5093376	10186752	2.115624
5095424	10190848	2.140211
5097472	10194944	2.076744
5099520	10199040	2.165608
5101568	10203136	2.151140
5103616	10207232	2.576572
5105664	10211328	2.270263
5107712	10215424	2.222806
5109760	10219520	2.345932
5111808	10223616	2.324776
5113856	10227712	2.310576
5115904	10231808	2.390107
5117952	10235904	2.321994
5120000	10240000	2.333122
5122048	10244096	2.313990
5124096	10248192	2.268220
5126144	10252288	2.290977
5128192	10256384	2.274715
5130240	10260480	2.253571
5132288	10264576	2.427040
5134336	10268672	2.261104
5136384	10272768	2.272003
5138432	10276864	2.297015
5140480	10280960	2.391300
5142528	10285056	2.329071
5144576	10289152	2.267831
5146624	10293248	2.289117
5148672	10297344	2.305998
5150720	10301440	2.325604
5152768	10305536	2.267059
5154816	10309632	2.267703
5156864	10313728	2.271694
5158912	10317824	2.380063
5160960	10321920	2.262714
5163008	10326016	2.230281
5165056	10330112	2.386091
5167104	10334208	2.383713
5169152	10338304	2.241830
5171200	10342400	2.328296
5173248	10346496	2.260030
5175296	10350592	2.259930
5177344	10354688	2.245433
5179392	10358784	2.469690
5181440	10362880	2.253530
5183488	10366976	2.299566
5185536	10371072	2.349067
5187584	10375168	2.330934
5189632	10379264	2.295502
5191680	10383360	2.303716
5193728	10387456	2.226159
5195776	10391552	2.321921
5197824	10395648	2.248504
5199872	10399744	2.177593
5201920	10403840	2.218187
5203968	10407936	2.230050
5206016	10412032	2.219694
5208064	10416128	2.229391
5210112	10420224	2.211579
5212160	10424320	2.230202
5214208	10428416	2.208059
5216256	10432512	2.549668
5218304	10436608	2.573440
5220352	10440704	2.668152
5222400	10444800	2.596573
5224448	10448896	2.619506
5226496	10452992	2.624534
5228544	10457088	2.572442
5230592	10461184	2.471710
5232640	10465280	2.289094
5234688	10469376	2.646903
5236736	10473472	2.294115
5238784	10477568	2.379425
5240832	10481664	2.417412
5242880	10485760	2.250077
5244928	10489856	2.188807
5246976	10493952	2.272568
5249024	10498048	2.276399
5251072	10502144	2.327987
5253120	10506240	2.336567
5255168	10510336	2.436325
5257216	10514432	2.320528
5259264	10518528	2.389498
5261312	10522624	2.742713
5263360	10526720	2.381282
5265408	10530816	2.361622
5267456	10534912	2.477917
5269504	10539008	2.453476
5271552	10543104	2.481859
5273600	10547200	2.446059
5275648	10551296	2.514724
5277696	10555392	2.565729
5279744	10559488	2.496220
5281792	10563584	2.622762
5283840	10567680	2.450424
5285888	10571776	2.512900
5287936	10575872	2.484984
5289984	10579968	2.456856
5292032	10584064	2.516182
5294080	10588160	2.588231
5296128	10592256	2.569282
5298176	10596352	2.537582
5300224	10600448	2.464849
5302272	10604544	2.470435
5304320	10608640	2.432198
5306368	10612736	2.517829
5308416	10616832	2.471495
5310464	10620928	2.490221
5312512	10625024	2.472791
5314560	10629120	2.402463
5316608	10633216	2.377629
5318656	10637312	2.380717
5320704	10641408	2.480937
5322752	10645504	2.538703
5324800	10649600	2.567199
5326848	10653696	2.533103
5328896	10657792	2.431964
5330944	10661888	2.438408
5332992	10665984	2.489597
5335040	10670080	2.807258
5337088	10674176	2.544338
5339136	10678272	2.740231
5341184	10682368	2.754871
5343232	10686464	2.694838
5345280	10690560	3.125449
5347328	10694656	2.670278
5349376	10698752	2.455689
5351424	10702848	2.496364
5353472	10706944	2.474570
5355520	10711040	2.492884
5357568	10715136	2.382332
5359616	10719232	2.350543
5361664	10723328	2.612687
5363712	10727424	2.539457
5365760	10731520	2.332850
5367808	10735616	2.388779
5369856	10739712	2.530075
5371904	10743808	2.396659
5373952	10747904	2.357383
5376000	10752000	2.506624
5378048	10756096	2.404096
5380096	10760192	2.346690
5382144	10764288	2.383258
5384192	10768384	2.380136
5386240	10772480	2.471781
5388288	10776576	2.364532
5390336	10780672	2.360348
5392384	10784768	2.324542
5394432	10788864	2.479051
5396480	10792960	2.370955
5398528	10797056	2.475683
5400576	10801152	2.300495
5402624	10805248	2.370113
5404672	10809344	2.542384
5406720	10813440	2.467216
5408768	10817536	2.551950
5410816	10821632	2.565508
5412864	10825728	2.416111
5414912	10829824	2.630020
5416960	10833920	2.770184
5419008	10838016	2.553416
5421056	10842112	2.635827
5423104	10846208	2.727861
5425152	10850304	2.578747
5427200	10854400	2.647733
5429248	10858496	2.655558
5431296	10862592	2.666096
5433344	10866688	2.825289
5435392	10870784	2.628632
5437440	10874880	2.647522
5439488	10878976	2.576068
5441536	10883072	2.600020
5443584	10887168	2.562045
5445632	10891264	2.587316
5447680	10895360	2.615472
5449728	10899456	2.637969
5451776	10903552	2.570177
5453824	10907648	2.590040
5455872	10911744	2.638382
5457920	10915840	2.508907
5459968	10919936	2.518761
5462016	10924032	2.551644
5464064	10928128	2.749857
5466112	10932224	2.553816
5468160	10936320	2.619496
5470208	10940416	2.570628
5472256	10944512	2.894876
5474304	10948608	2.543336
5476352	10952704	2.573060
5478400	10956800	2.558899
5480448	10960896	2.565186
5482496	10964992	2.482367
5484544	10969088	2.548942
5486592	10973184	2.480713
5488640	10977280	2.497524
5490688	10981376	2.492100
5492736	10985472	2.498087
5494784	10989568	2.564749
5496832	10993664	2.510285
5498880	10997760	2.513046
5500928	11001856	2.540818
5502976	11005952	2.498806
5505024	11010048	2.409806
5507072	11014144	2.391046
5509120	11018240	2.472027
5511168	11022336	2.515048
5513216	11026432	2.500018
5515264	11030528	2.535874
5517312	11034624	2.553974
5519360	11038720	2.593687
5521408	11042816	2.613822
5523456	11046912	2.575818
5525504	11051008	2.604975
5527552	11055104	2.612272
5529600	11059200	3.080564
5531648	11063296	3.191215
