0	0	0.000020
2048	3072	0.000614
4096	6144	0.002071
6144	9216	0.002759
8192	12288	0.002695
10240	15360	0.004436
12288	18432	0.006273
14336	21504	0.005278
16384	24576	0.007408
18432	27648	0.006358
20480	30720	0.007942
22528	33792	0.007832
24576	36864	0.009398
26624	39936	0.012970
28672	43008	0.013983
30720	46080	0.012138
32768	49152	0.010919
34816	52224	0.011698
36864	55296	0.017706
38912	58368	0.017914
40960	61440	0.013770
43008	64512	0.013078
45056	67584	0.014927
47104	70656	0.015236
49152	73728	0.022092
51200	76800	0.016086
53248	79872	0.016551
55296	82944	0.016468
57344	86016	0.021877
59392	89088	0.021575
61440	92160	0.018797
63488	95232	0.019107
65536	98304	0.022805
67584	101376	0.021684
69632	104448	0.021644
71680	107520	0.023155
73728	110592	0.022785
75776	113664	0.027653
77824	116736	0.025127
79872	119808	0.025728
81920	122880	0.025412
83968	125952	0.027069
86016	129024	0.027234
88064	132096	0.033271
90112	135168	0.029083
92160	138240	0.044792
94208	141312	0.043720
96256	144384	0.041912
98304	147456	0.031894
100352	150528	0.036870
102400	153600	0.034704
104448	156672	0.035229
106496	159744	0.035189
108544	162816	0.037567
110592	165888	0.039618
112640	168960	0.038038
114688	172032	0.041374
116736	175104	0.039784
118784	178176	0.040520
120832	181248	0.052797
122880	184320	0.056143
124928	187392	0.041861
126976	190464	0.048418
129024	193536	0.049085
131072	196608	0.043512
133120	199680	0.044037
135168	202752	0.046509
137216	205824	0.051564
139264	208896	0.046865
141312	211968	0.047691
143360	215040	0.048635
145408	218112	0.066955
147456	221184	0.053368
149504	224256	0.050684
151552	227328	0.050111
153600	230400	0.052268
155648	233472	0.053000
157696	236544	0.069177
159744	239616	0.063835
161792	242688	0.058900
163840	245760	0.056651
165888	248832	0.056015
167936	251904	0.058580
169984	254976	0.065735
172032	258048	0.058371
174080	261120	0.058926
176128	264192	0.061118
178176	267264	0.063250
180224	270336	0.060355
182272	273408	0.065626
184320	276480	0.063429
186368	279552	0.092526
188416	282624	0.076849
190464	285696	0.068902
192512	288768	0.068128
194560	291840	0.064609
196608	294912	0.067009
198656	297984	0.070225
200704	301056	0.066546
202752	304128	0.070136
204800	307200	0.069198
206848	310272	0.082674
208896	313344	0.069921
210944	316416	0.072043
212992	319488	0.085514
215040	322560	0.080849
217088	325632	0.075275
219136	328704	0.073054
221184	331776	0.077486
223232	334848	0.075504
225280	337920	0.074907
227328	340992	0.075722
229376	344064	0.077958
231424	347136	0.091542
233472	350208	0.083107
235520	353280	0.079303
237568	356352	0.081630
239616	359424	0.081266
241664	362496	0.085732
243712	365568	0.084102
245760	368640	0.090665
247808	371712	0.082770
249856	374784	0.082310
251904	377856	0.082800
253952	380928	0.087651
256000	384000	0.084446
258048	387072	0.087783
260096	390144	0.086738
262144	393216	0.089167
264192	396288	0.087605
266240	399360	0.113289
268288	402432	0.090110
270336	405504	0.127073
272384	408576	0.113067
274432	411648	0.118641
276480	414720	0.093291
278528	417792	0.100776
280576	420864	0.094124
282624	423936	0.097837
284672	427008	0.095628
286720	430080	0.098152
288768	433152	0.105540
290816	436224	0.103836
292864	439296	0.096459
294912	442368	0.109102
296960	445440	0.103498
299008	448512	0.124232
301056	451584	0.104410
303104	454656	0.127441
305152	457728	0.104832
307200	460800	0.124637
309248	463872	0.113756
311296	466944	0.103880
313344	470016	0.105943
315392	473088	0.107735
317440	476160	0.104952
319488	479232	0.130547
321536	482304	0.127557
323584	485376	0.105217
325632	488448	0.144600
327680	491520	0.110260
329728	494592	0.115208
331776	497664	0.112038
333824	500736	0.116281
335872	503808	0.111840
337920	506880	0.111036
339968	509952	0.115049
342016	513024	0.121806
344064	516096	0.117138
346112	519168	0.139383
348160	522240	0.114906
350208	525312	0.152380
352256	528384	0.130554
354304	531456	0.133909
356352	534528	0.127230
358400	537600	0.120822
360448	540672	0.121044
362496	543744	0.120434
364544	546816	0.139781
366592	549888	0.157947
368640	552960	0.126987
370688	556032	0.129299
372736	559104	0.158408
374784	562176	0.126257
376832	565248	0.154473
378880	568320	0.128313
380928	571392	0.127592
382976	574464	0.136481
385024	577536	0.133231
387072	580608	0.133451
389120	583680	0.135974
391168	586752	0.132939
393216	589824	0.138749
395264	592896	0.132631
397312	595968	0.140248
399360	599040	0.138010
401408	602112	0.137424
403456	605184	0.137945
405504	608256	0.138322
407552	611328	0.152442
409600	614400	0.145239
411648	617472	0.180049
413696	620544	0.146117
415744	623616	0.147710
417792	626688	0.144004
419840	629760	0.149593
421888	632832	0.156973
423936	635904	0.150708
425984	638976	0.151349
428032	642048	0.152603
430080	645120	0.152220
432128	648192	0.163669
434176	651264	0.162490
436224	654336	0.162398
438272	657408	0.158369
440320	660480	0.149829
442368	663552	0.163357
444416	666624	0.156682
446464	669696	0.164955
448512	672768	0.163267
450560	675840	0.170070
452608	678912	0.184993
454656	681984	0.160150
456704	685056	0.161002
458752	688128	0.177037
460800	691200	0.168809
462848	694272	0.168357
464896	697344	0.166575
466944	700416	0.163151
468992	703488	0.167306
471040	706560	0.164696
473088	709632	0.164821
475136	712704	0.168975
477184	715776	0.167873
479232	718848	0.169806
481280	721920	0.172062
483328	724992	0.168968
485376	728064	0.174039
487424	731136	0.171911
489472	734208	0.174373
491520	737280	0.171142
493568	740352	0.175809
495616	743424	0.176782
497664	746496	0.183141
499712	749568	0.193890
501760	752640	0.178272
503808	755712	0.198492
505856	758784	0.180147
507904	761856	0.183490
509952	764928	0.180858
512000	768000	0.182579
514048	771072	0.183731
516096	774144	0.182102
518144	777216	0.181337
520192	780288	0.185270
522240	783360	0.194304
524288	786432	0.187388
526336	789504	0.189396
528384	792576	0.188268
530432	795648	0.193170
532480	798720	0.187439
534528	801792	0.189763
536576	804864	0.190053
538624	807936	0.193281
540672	811008	0.190289
542720	814080	0.192700
544768	817152	0.192606
546816	820224	0.195173
548864	823296	0.193311
550912	826368	0.195355
552960	829440	0.197115
555008	832512	0.200126
557056	835584	0.196752
559104	838656	0.200689
561152	841728	0.224627
563200	844800	0.202560
565248	847872	0.199935
567296	850944	0.196162
569344	854016	0.215590
571392	857088	0.206253
573440	860160	0.222996
575488	863232	0.212585
577536	866304	0.211874
579584	869376	0.196619
581632	872448	0.198051
583680	875520	0.199204
585728	878592	0.198917
587776	881664	0.217332
589824	884736	0.221873
591872	887808	0.219585
593920	890880	0.225450
595968	893952	0.229251
598016	897024	0.216249
600064	900096	0.221433
602112	903168	0.212919
604160	906240	0.210278
606208	909312	0.202675
608256	912384	0.203877
610304	915456	0.236662
612352	918528	0.220815
614400	921600	0.217680
616448	924672	0.237137
618496	927744	0.234770
620544	930816	0.225594
622592	933888	0.232223
624640	936960	0.230107
626688	940032	0.225081
628736	943104	0.230910
630784	946176	0.247461
632832	949248	0.242358
634880	952320	0.261790
636928	955392	0.233412
638976	958464	0.239466
641024	961536	0.227323
643072	964608	0.218003
645120	967680	0.218567
647168	970752	0.217980
649216	973824	0.242756
651264	976896	0.287049
653312	979968	0.266993
655360	983040	0.274660
657408	986112	0.254885
659456	989184	0.247851
661504	992256	0.240428
663552	995328	0.240429
665600	998400	0.225566
667648	1001472	0.222242
669696	1004544	0.235571
671744	1007616	0.231235
673792	1010688	0.235990
675840	1013760	0.237212
677888	1016832	0.232921
679936	1019904	0.238724
681984	1022976	0.239615
684032	1026048	0.237534
686080	1029120	0.237588
688128	1032192	0.235632
690176	1035264	0.246431
692224	1038336	0.258363
694272	1041408	0.255741
696320	1044480	0.237412
698368	1047552	0.237195
700416	1050624	0.236312
702464	1053696	0.236101
704512	1056768	0.248250
706560	1059840	0.246450
708608	1062912	0.240895
710656	1065984	0.239554
712704	1069056	0.239306
714752	1072128	0.272741
716800	1075200	0.263178
718848	1078272	0.270967
720896	1081344	0.243702
722944	1084416	0.261266
724992	1087488	0.262024
727040	1090560	0.255514
729088	1093632	0.263156
731136	1096704	0.250908
733184	1099776	0.272372
735232	1102848	0.302741
737280	1105920	0.261659
739328	1108992	0.251058
741376	1112064	0.258538
743424	1115136	0.254727
745472	1118208	0.249323
747520	1121280	0.252120
749568	1124352	0.252600
751616	1127424	0.252453
753664	1130496	0.252230
755712	1133568	0.253963
757760	1136640	0.252317
759808	1139712	0.255789
761856	1142784	0.265039
763904	1145856	0.256272
765952	1148928	0.257969
768000	1152000	0.258669
770048	1155072	0.261009
772096	1158144	0.259375
774144	1161216	0.261772
776192	1164288	0.259945
778240	1167360	0.264447
780288	1170432	0.267069
782336	1173504	0.264799
784384	1176576	0.260699
786432	1179648	0.266706
788480	1182720	0.268014
790528	1185792	0.271171
792576	1188864	0.269173
794624	1191936	0.265550
796672	1195008	0.268267
798720	1198080	0.269162
800768	1201152	0.271212
802816	1204224	0.275358
804864	1207296	0.283110
806912	1210368	0.272867
808960	1213440	0.275931
811008	1216512	0.273733
813056	1219584	0.272849
815104	1222656	0.274432
817152	1225728	0.274074
819200	1228800	0.274592
821248	1231872	0.282199
823296	1234944	0.283107
825344	1238016	0.278520
827392	1241088	0.281429
829440	1244160	0.278893
831488	1247232	0.283000
833536	1250304	0.280164
835584	1253376	0.285914
837632	1256448	0.284158
839680	1259520	0.289471
841728	1262592	0.284732
843776	1265664	0.287966
845824	1268736	0.286052
847872	1271808	0.289056
849920	1274880	0.288466
851968	1277952	0.291154
854016	1281024	0.285095
856064	1284096	0.294018
858112	1287168	0.288841
860160	1290240	0.292715
862208	1293312	0.289635
864256	1296384	0.296591
866304	1299456	0.292483
868352	1302528	0.294893
870400	1305600	0.295114
872448	1308672	0.297128
874496	1311744	0.292252
876544	1314816	0.292260
878592	1317888	0.297626
880640	1320960	0.299828
882688	1324032	0.301457
884736	1327104	0.316975
886784	1330176	0.295976
888832	1333248	0.300373
890880	1336320	0.304248
892928	1339392	0.302860
894976	1342464	0.307670
897024	1345536	0.302071
899072	1348608	0.301761
901120	1351680	0.312455
903168	1354752	0.310181
905216	1357824	0.303846
907264	1360896	0.304711
909312	1363968	0.364905
911360	1367040	0.337581
913408	1370112	0.357144
915456	1373184	0.322317
917504	1376256	0.313769
919552	1379328	0.315885
921600	1382400	0.317544
923648	1385472	0.316867
925696	1388544	0.318516
927744	1391616	0.317889
929792	1394688	0.320486
931840	1397760	0.320085
933888	1400832	0.318706
935936	1403904	0.321244
937984	1406976	0.323667
940032	1410048	0.312213
942080	1413120	0.322162
944128	1416192	0.324862
946176	1419264	0.322953
948224	1422336	0.342782
950272	1425408	0.337095
952320	1428480	0.347147
954368	1431552	0.399304
956416	1434624	0.365633
958464	1437696	0.371443
960512	1440768	0.338520
962560	1443840	0.344703
964608	1446912	0.343547
966656	1449984	0.342735
968704	1453056	0.343936
970752	1456128	0.345500
972800	1459200	0.348876
974848	1462272	0.344733
976896	1465344	0.351245
978944	1468416	0.344817
980992	1471488	0.345245
983040	1474560	0.346266
985088	1477632	0.354437
987136	1480704	0.348831
989184	1483776	0.358096
991232	1486848	0.365046
993280	1489920	0.347683
995328	1492992	0.356015
997376	1496064	0.363437
999424	1499136	0.359248
1001472	1502208	0.353502
1003520	1505280	0.362561
1005568	1508352	0.365054
1007616	1511424	0.361288
1009664	1514496	0.357558
1011712	1517568	0.358842
1013760	1520640	0.359670
1015808	1523712	0.357984
1017856	1526784	0.358376
1019904	1529856	0.362305
1021952	1532928	0.362594
1024000	1536000	0.364036
1026048	1539072	0.366049
1028096	1542144	0.362985
1030144	1545216	0.359477
1032192	1548288	0.361688
1034240	1551360	0.371335
1036288	1554432	0.371012
1038336	1557504	0.374149
1040384	1560576	0.380554
1042432	1563648	0.395604
1044480	1566720	0.377806
1046528	1569792	0.389147
1048576	1572864	0.412017
1050624	1575936	0.407688
1052672	1579008	0.375943
1054720	1582080	0.376162
1056768	1585152	0.379808
1058816	1588224	0.381134
1060864	1591296	0.390179
1062912	1594368	0.370642
1064960	1597440	0.394551
1067008	1600512	0.380421
1069056	1603584	0.419715
1071104	1606656	0.493555
1073152	1609728	0.507328
1075200	1612800	0.515557
1077248	1615872	0.491276
1079296	1618944	0.445173
1081344	1622016	0.485565
1083392	1625088	0.392608
1085440	1628160	0.401243
1087488	1631232	0.375319
1089536	1634304	0.378253
1091584	1637376	0.440601
1093632	1640448	0.412262
1095680	1643520	0.414478
1097728	1646592	0.402376
1099776	1649664	0.388950
1101824	1652736	0.399112
1103872	1655808	0.383362
1105920	1658880	0.392706
1107968	1661952	0.392975
1110016	1665024	0.396654
1112064	1668096	0.399258
1114112	1671168	0.397704
1116160	1674240	0.382734
1118208	1677312	0.383957
1120256	1680384	0.386117
1122304	1683456	0.388693
1124352	1686528	0.395253
1126400	1689600	0.386714
1128448	1692672	0.399298
1130496	1695744	0.388077
1132544	1698816	0.395578
1134592	1701888	0.397205
1136640	1704960	0.392539
1138688	1708032	0.393793
1140736	1711104	0.392112
1142784	1714176	0.396634
1144832	1717248	0.392915
1146880	1720320	0.396738
1148928	1723392	0.413295
1150976	1726464	0.401787
1153024	1729536	0.398856
1155072	1732608	0.516744
1157120	1735680	0.442631
1159168	1738752	0.494590
1161216	1741824	0.432326
1163264	1744896	0.402648
1165312	1747968	0.418888
1167360	1751040	0.424314
1169408	1754112	0.415564
1171456	1757184	0.535877
1173504	1760256	0.429857
1175552	1763328	0.487436
1177600	1766400	0.525282
1179648	1769472	0.427612
1181696	1772544	0.441969
1183744	1775616	0.443462
1185792	1778688	0.439962
1187840	1781760	0.423723
1189888	1784832	0.444843
1191936	1787904	0.471904
1193984	1790976	0.424050
1196032	1794048	0.447043
1198080	1797120	0.468946
1200128	1800192	0.489766
1202176	1803264	0.457957
1204224	1806336	0.428473
1206272	1809408	0.422921
1208320	1812480	0.454010
1210368	1815552	0.453772
1212416	1818624	0.510855
1214464	1821696	0.468924
1216512	1824768	0.442505
1218560	1827840	0.425502
1220608	1830912	0.432529
1222656	1833984	0.445635
1224704	1837056	0.457603
1226752	1840128	0.469842
1228800	1843200	0.457347
1230848	1846272	0.460943
1232896	1849344	0.436448
1234944	1852416	0.433815
1236992	1855488	0.491504
1239040	1858560	0.524267
1241088	1861632	0.467291
1243136	1864704	0.463208
1245184	1867776	0.465669
1247232	1870848	0.469162
1249280	1873920	0.469779
1251328	1876992	0.443264
1253376	1880064	0.447641
1255424	1883136	0.446375
1257472	1886208	0.448454
1259520	1889280	0.449540
1261568	1892352	0.436644
1263616	1895424	0.463849
1265664	1898496	0.443777
1267712	1901568	0.440902
1269760	1904640	0.449551
1271808	1907712	0.442013
1273856	1910784	0.449456
1275904	1913856	0.461889
1277952	1916928	0.451476
1280000	1920000	0.437521
1282048	1923072	0.473123
1284096	1926144	0.449761
1286144	1929216	0.446054
1288192	1932288	0.448061
1290240	1935360	0.435962
1292288	1938432	0.437703
1294336	1941504	0.438382
1296384	1944576	0.436819
1298432	1947648	0.449438
1300480	1950720	0.509545
1302528	1953792	0.467378
1304576	1956864	0.488136
1306624	1959936	0.455959
1308672	1963008	0.456494
1310720	1966080	0.463831
1312768	1969152	0.461818
1314816	1972224	0.530206
1316864	1975296	0.606084
1318912	1978368	0.712274
1320960	1981440	0.655305
1323008	1984512	0.495276
1325056	1987584	0.531757
1327104	1990656	0.480311
1329152	1993728	0.464501
1331200	1996800	0.495584
1333248	1999872	0.481445
1335296	2002944	0.482037
1337344	2006016	0.487433
1339392	2009088	0.517316
1341440	2012160	0.507220
1343488	2015232	0.476359
1345536	2018304	0.574117
1347584	2021376	0.537551
1349632	2024448	0.537850
1351680	2027520	0.529639
1353728	2030592	0.522918
1355776	2033664	0.516910
1357824	2036736	0.531113
1359872	2039808	0.560438
1361920	2042880	0.538793
1363968	2045952	0.513841
1366016	2049024	0.521856
1368064	2052096	0.538102
1370112	2055168	0.556228
1372160	2058240	0.658364
1374208	2061312	0.541049
1376256	2064384	0.537540
1378304	2067456	0.531091
1380352	2070528	0.567656
1382400	2073600	0.531428
1384448	2076672	0.531000
1386496	2079744	0.549984
1388544	2082816	0.534620
1390592	2085888	0.547680
1392640	2088960	0.525466
1394688	2092032	0.527513
1396736	2095104	0.647572
1398784	2098176	0.527999
1400832	2101248	0.538212
1402880	2104320	0.520054
1404928	2107392	0.524664
1406976	2110464	0.507450
1409024	2113536	0.510435
1411072	2116608	0.544778
1413120	2119680	0.503199
1415168	2122752	0.508814
1417216	2125824	0.496314
1419264	2128896	0.517122
1421312	2131968	0.499448
1423360	2135040	0.496929
1425408	2138112	0.562187
1427456	2141184	0.561523
1429504	2144256	0.498384
1431552	2147328	0.501911
1433600	2150400	0.529517
1435648	2153472	0.544191
1437696	2156544	0.516290
1439744	2159616	0.498942
1441792	2162688	0.516815
1443840	2165760	0.545443
1445888	2168832	0.512327
1447936	2171904	0.516719
1449984	2174976	0.507581
1452032	2178048	0.507816
1454080	2181120	0.512889
1456128	2184192	0.507499
1458176	2187264	0.523959
1460224	2190336	0.529571
1462272	2193408	0.696266
1464320	2196480	0.555551
1466368	2199552	0.571533
1468416	2202624	0.566484
1470464	2205696	0.565166
1472512	2208768	0.568972
1474560	2211840	0.565598
1476608	2214912	0.564260
1478656	2217984	0.569650
1480704	2221056	0.566060
1482752	2224128	0.651652
1484800	2227200	0.689888
1486848	2230272	0.553096
1488896	2233344	0.553854
1490944	2236416	0.580708
1492992	2239488	0.783334
1495040	2242560	0.666329
1497088	2245632	0.582008
1499136	2248704	0.623616
1501184	2251776	0.524903
1503232	2254848	0.525999
1505280	2257920	0.596847
1507328	2260992	0.537540
1509376	2264064	0.535766
1511424	2267136	0.539024
1513472	2270208	0.541684
1515520	2273280	0.525769
1517568	2276352	0.532827
1519616	2279424	0.538014
1521664	2282496	0.562179
1523712	2285568	0.543447
1525760	2288640	0.576946
1527808	2291712	0.531103
1529856	2294784	0.530925
1531904	2297856	0.589923
1533952	2300928	0.591339
1536000	2304000	0.553540
1538048	2307072	0.545797
1540096	2310144	0.555619
1542144	2313216	0.558963
1544192	2316288	0.597857
1546240	2319360	0.557602
1548288	2322432	0.588866
1550336	2325504	0.598082
1552384	2328576	0.560165
1554432	2331648	0.574788
1556480	2334720	0.586951
1558528	2337792	0.571358
1560576	2340864	0.558417
1562624	2343936	0.563767
1564672	2347008	0.563426
1566720	2350080	0.557436
1568768	2353152	0.561985
1570816	2356224	0.557155
1572864	2359296	0.557516
1574912	2362368	0.547818
1576960	2365440	0.537475
1579008	2368512	0.553499
1581056	2371584	0.562152
1583104	2374656	0.568441
1585152	2377728	0.559203
1587200	2380800	0.558903
1589248	2383872	0.558221
1591296	2386944	0.557825
1593344	2390016	0.560308
1595392	2393088	0.559376
1597440	2396160	0.563506
1599488	2399232	0.563535
1601536	2402304	0.558816
1603584	2405376	0.565241
1605632	2408448	0.560086
1607680	2411520	0.565449
1609728	2414592	0.564231
1611776	2417664	0.566115
1613824	2420736	0.587497
1615872	2423808	0.570407
1617920	2426880	0.590247
1619968	2429952	0.583258
1622016	2433024	0.586158
1624064	2436096	0.576806
1626112	2439168	0.581678
1628160	2442240	0.617630
1630208	2445312	0.763532
1632256	2448384	0.594870
1634304	2451456	0.598591
1636352	2454528	0.600136
1638400	2457600	0.598465
1640448	2460672	0.591015
1642496	2463744	0.592170
1644544	2466816	0.593207
1646592	2469888	0.592842
1648640	2472960	0.581291
1650688	2476032	0.579996
1652736	2479104	0.597199
1654784	2482176	0.593460
1656832	2485248	0.636941
1658880	2488320	0.596956
1660928	2491392	0.608377
1662976	2494464	0.595266
1665024	2497536	0.598306
1667072	2500608	0.605017
1669120	2503680	0.587714
1671168	2506752	0.582415
1673216	2509824	0.612928
1675264	2512896	0.596957
1677312	2515968	0.606011
1679360	2519040	0.591778
1681408	2522112	0.594571
1683456	2525184	0.602984
1685504	2528256	0.601970
1687552	2531328	0.606056
1689600	2534400	0.622751
1691648	2537472	0.611837
1693696	2540544	0.616584
1695744	2543616	0.618385
1697792	2546688	0.619963
1699840	2549760	0.621820
1701888	2552832	0.610896
1703936	2555904	0.609974
1705984	2558976	0.622509
1708032	2562048	0.614353
1710080	2565120	0.607772
1712128	2568192	0.609215
1714176	2571264	0.670942
1716224	2574336	0.723890
1718272	2577408	0.617319
1720320	2580480	0.644298
1722368	2583552	0.682312
1724416	2586624	0.788459
1726464	2589696	0.830226
1728512	2592768	0.702043
1730560	2595840	0.888546
1732608	2598912	0.753615
1734656	2601984	0.858234
1736704	2605056	0.669708
1738752	2608128	0.713287
1740800	2611200	0.677921
1742848	2614272	0.714722
1744896	2617344	0.700445
1746944	2620416	0.707570
1748992	2623488	0.691326
1751040	2626560	0.719585
1753088	2629632	0.677538
1755136	2632704	0.683433
1757184	2635776	0.694993
1759232	2638848	0.707030
1761280	2641920	0.682546
1763328	2644992	0.719281
1765376	2648064	0.724867
1767424	2651136	0.695628
1769472	2654208	0.695620
1771520	2657280	0.729982
1773568	2660352	0.703517
1775616	2663424	0.720122
1777664	2666496	0.697925
1779712	2669568	0.782972
1781760	2672640	0.715143
1783808	2675712	0.789227
1785856	2678784	0.634147
1787904	2681856	0.675501
1789952	2684928	0.661632
1792000	2688000	0.640881
1794048	2691072	0.645670
1796096	2694144	0.638113
1798144	2697216	0.654552
1800192	2700288	0.644604
1802240	2703360	0.643875
1804288	2706432	0.642635
1806336	2709504	0.684982
1808384	2712576	0.646501
1810432	2715648	0.638921
1812480	2718720	0.640414
1814528	2721792	0.647861
1816576	2724864	0.670487
1818624	2727936	0.630434
1820672	2731008	0.627244
1822720	2734080	0.627446
1824768	2737152	0.626240
1826816	2740224	0.633569
1828864	2743296	0.670697
1830912	2746368	0.687059
1832960	2749440	0.644466
1835008	2752512	0.637424
1837056	2755584	0.643053
1839104	2758656	0.717636
1841152	2761728	0.923544
1843200	2764800	0.673686
1845248	2767872	0.694262
1847296	2770944	0.711711
1849344	2774016	0.651100
1851392	2777088	0.679493
1853440	2780160	0.660898
1855488	2783232	0.653042
1857536	2786304	0.744790
1859584	2789376	0.682991
1861632	2792448	0.674139
1863680	2795520	0.647017
1865728	2798592	0.649389
1867776	2801664	0.678597
1869824	2804736	0.707679
1871872	2807808	0.658161
1873920	2810880	0.818652
1875968	2813952	0.725943
1878016	2817024	0.677410
1880064	2820096	0.823284
1882112	2823168	0.707922
1884160	2826240	0.679034
1886208	2829312	0.704772
1888256	2832384	0.664806
1890304	2835456	0.676807
1892352	2838528	0.696907
1894400	2841600	0.686104
1896448	2844672	0.655107
1898496	2847744	0.678603
1900544	2850816	0.666888
1902592	2853888	0.818085
1904640	2856960	0.706712
1906688	2860032	0.725388
1908736	2863104	0.700432
1910784	2866176	0.716828
1912832	2869248	0.724767
1914880	2872320	0.721953
1916928	2875392	0.846208
1918976	2878464	0.699046
1921024	2881536	0.697242
1923072	2884608	0.722855
1925120	2887680	0.694713
1927168	2890752	0.733198
1929216	2893824	0.751658
1931264	2896896	0.692271
1933312	2899968	0.711083
1935360	2903040	0.706718
1937408	2906112	0.699297
1939456	2909184	0.693114
1941504	2912256	0.691287
1943552	2915328	0.684033
1945600	2918400	0.700381
1947648	2921472	0.701558
1949696	2924544	0.929256
1951744	2927616	0.810647
1953792	2930688	0.801250
1955840	2933760	0.734854
1957888	2936832	0.777058
1959936	2939904	0.754261
1961984	2942976	0.813148
1964032	2946048	0.755091
1966080	2949120	0.822447
1968128	2952192	0.763226
1970176	2955264	0.848878
1972224	2958336	0.771500
1974272	2961408	0.871732
1976320	2964480	0.786585
1978368	2967552	0.967547
1980416	2970624	0.909493
1982464	2973696	0.785426
1984512	2976768	0.800276
1986560	2979840	0.789995
1988608	2982912	0.833956
1990656	2985984	0.779636
1992704	2989056	0.779623
1994752	2992128	0.964681
1996800	2995200	0.740077
1998848	2998272	0.737837
2000896	3001344	0.711010
2002944	3004416	0.811041
2004992	3007488	0.797991
2007040	3010560	0.944494
2009088	3013632	0.862377
2011136	3016704	0.874286
2013184	3019776	0.832437
2015232	3022848	0.817429
2017280	3025920	0.792509
2019328	3028992	0.845737
2021376	3032064	0.892550
2023424	3035136	0.815386
2025472	3038208	0.837315
2027520	3041280	0.835442
2029568	3044352	0.839574
2031616	3047424	0.966369
2033664	3050496	0.812364
2035712	3053568	0.823775
2037760	3056640	0.814378
2039808	3059712	0.829302
2041856	3062784	0.996503
2043904	3065856	0.919558
2045952	3068928	0.909975
2048000	3072000	0.823790
2050048	3075072	0.808612
2052096	3078144	0.829744
2054144	3081216	0.826732
2056192	3084288	0.823465
2058240	3087360	0.825795
2060288	3090432	0.775433
2062336	3093504	0.832669
2064384	3096576	0.814071
2066432	3099648	0.775279
2068480	3102720	0.731802
2070528	3105792	0.730960
2072576	3108864	0.758536
2074624	3111936	0.725578
2076672	3115008	0.733030
2078720	3118080	0.752946
2080768	3121152	0.777736
2082816	3124224	0.737018
2084864	3127296	0.901138
2086912	3130368	1.084359
2088960	3133440	0.832801
2091008	3136512	0.815206
2093056	3139584	0.835489
2095104	3142656	0.934242
2097152	3145728	0.786203
2099200	3148800	0.760106
2101248	3151872	0.739057
2103296	3154944	0.799778
2105344	3158016	0.816664
2107392	3161088	0.796433
2109440	3164160	0.852340
2111488	3167232	0.881224
2113536	3170304	0.754084
2115584	3173376	0.934471
2117632	3176448	0.820446
2119680	3179520	0.926413
2121728	3182592	0.807831
2123776	3185664	0.860542
2125824	3188736	0.848913
2127872	3191808	0.877224
2129920	3194880	0.838394
2131968	3197952	0.832855
2134016	3201024	0.956845
2136064	3204096	0.800299
2138112	3207168	0.779479
2140160	3210240	0.799886
2142208	3213312	0.757324
2144256	3216384	0.855706
2146304	3219456	0.996074
2148352	3222528	1.012574
2150400	3225600	0.838086
2152448	3228672	0.912032
2154496	3231744	0.910932
2156544	3234816	0.999309
2158592	3237888	0.827240
2160640	3240960	0.789483
2162688	3244032	0.810334
2164736	3247104	0.948086
2166784	3250176	0.826085
2168832	3253248	0.814066
2170880	3256320	0.805024
2172928	3259392	0.827425
2174976	3262464	0.836279
2177024	3265536	0.827869
2179072	3268608	0.816324
2181120	3271680	0.939402
2183168	3274752	0.887968
2185216	3277824	0.905536
2187264	3280896	0.956294
2189312	3283968	0.935204
2191360	3287040	0.929194
2193408	3290112	0.943236
2195456	3293184	0.964267
2197504	3296256	1.040290
2199552	3299328	0.908303
2201600	3302400	0.797420
2203648	3305472	0.825728
2205696	3308544	0.796600
2207744	3311616	1.007092
2209792	3314688	0.794909
2211840	3317760	0.845913
2213888	3320832	0.809973
2215936	3323904	0.851419
2217984	3326976	1.015126
2220032	3330048	0.817096
2222080	3333120	0.795316
2224128	3336192	0.791728
2226176	3339264	0.899344
2228224	3342336	0.775073
2230272	3345408	0.799437
2232320	3348480	0.776350
2234368	3351552	0.790167
2236416	3354624	0.825373
2238464	3357696	0.772014
2240512	3360768	0.781079
2242560	3363840	0.908549
2244608	3366912	1.064658
2246656	3369984	0.805833
2248704	3373056	0.908870
2250752	3376128	0.865429
2252800	3379200	0.970102
2254848	3382272	0.991400
2256896	3385344	1.076909
2258944	3388416	0.814487
2260992	3391488	0.849037
2263040	3394560	0.812611
2265088	3397632	0.881630
2267136	3400704	1.086556
2269184	3403776	0.795838
2271232	3406848	0.803152
2273280	3409920	0.830409
2275328	3412992	0.930756
2277376	3416064	0.821048
2279424	3419136	0.879049
2281472	3422208	0.812759
2283520	3425280	0.821722
2285568	3428352	0.824262
2287616	3431424	0.843825
2289664	3434496	0.876269
2291712	3437568	0.896279
2293760	3440640	1.062052
2295808	3443712	0.880568
2297856	3446784	0.907477
2299904	3449856	0.903445
2301952	3452928	0.893083
2304000	3456000	0.891251
2306048	3459072	0.906231
2308096	3462144	0.898591
2310144	3465216	0.933005
2312192	3468288	0.910937
2314240	3471360	0.889823
2316288	3474432	0.882644
2318336	3477504	0.880554
2320384	3480576	0.895109
2322432	3483648	0.881133
2324480	3486720	0.886421
2326528	3489792	0.895079
2328576	3492864	0.892465
2330624	3495936	0.894893
2332672	3499008	0.909339
2334720	3502080	0.918128
2336768	3505152	0.904995
2338816	3508224	0.935817
2340864	3511296	0.859523
2342912	3514368	1.099198
2344960	3517440	1.022336
2347008	3520512	0.951249
2349056	3523584	1.029482
2351104	3526656	0.888447
2353152	3529728	0.900739
2355200	3532800	0.855546
2357248	3535872	1.020322
2359296	3538944	0.832246
2361344	3542016	0.833157
2363392	3545088	0.841227
2365440	3548160	0.839567
2367488	3551232	0.842187
2369536	3554304	0.927949
2371584	3557376	0.896358
2373632	3560448	0.822454
2375680	3563520	0.848666
2377728	3566592	0.934013
2379776	3569664	0.909906
2381824	3572736	0.842639
2383872	3575808	0.855946
2385920	3578880	0.835680
2387968	3581952	0.958616
2390016	3585024	0.863069
2392064	3588096	0.829902
2394112	3591168	0.847899
2396160	3594240	1.019675
2398208	3597312	0.841594
2400256	3600384	0.855332
2402304	3603456	0.972108
2404352	3606528	0.878389
2406400	3609600	0.850961
2408448	3612672	0.859967
2410496	3615744	1.237099
2412544	3618816	1.106535
2414592	3621888	1.003281
2416640	3624960	1.039910
2418688	3628032	0.959981
2420736	3631104	0.995119
2422784	3634176	0.950690
2424832	3637248	0.949002
2426880	3640320	1.039143
2428928	3643392	0.972362
2430976	3646464	0.967982
2433024	3649536	0.956650
2435072	3652608	1.002072
2437120	3655680	0.998237
2439168	3658752	0.997697
2441216	3661824	0.988081
2443264	3664896	0.988716
2445312	3667968	0.962654
2447360	3671040	0.961233
2449408	3674112	1.006318
2451456	3677184	0.992878
2453504	3680256	0.938548
2455552	3683328	1.023962
2457600	3686400	1.038668
2459648	3689472	0.936796
2461696	3692544	0.951754
2463744	3695616	1.064479
2465792	3698688	0.992908
2467840	3701760	0.921618
2469888	3704832	1.036660
2471936	3707904	1.072484
2473984	3710976	0.920207
2476032	3714048	0.962859
2478080	3717120	0.955287
2480128	3720192	0.933510
2482176	3723264	0.958456
2484224	3726336	0.966754
2486272	3729408	0.955427
2488320	3732480	0.946907
2490368	3735552	0.939431
2492416	3738624	0.962429
2494464	3741696	0.956487
2496512	3744768	1.025753
2498560	3747840	0.937391
2500608	3750912	0.939452
2502656	3753984	0.971419
2504704	3757056	0.974526
2506752	3760128	0.975553
2508800	3763200	0.974934
2510848	3766272	0.989813
2512896	3769344	1.067041
2514944	3772416	0.971019
2516992	3775488	0.933859
2519040	3778560	0.949508
2521088	3781632	0.957541
2523136	3784704	0.938351
2525184	3787776	0.954544
2527232	3790848	1.020733
2529280	3793920	1.046528
2531328	3796992	0.883477
2533376	3800064	0.878210
2535424	3803136	1.028996
2537472	3806208	1.057301
2539520	3809280	0.873206
2541568	3812352	1.009801
2543616	3815424	0.854454
2545664	3818496	0.846915
2547712	3821568	0.892533
2549760	3824640	0.883556
2551808	3827712	0.967846
2553856	3830784	1.018238
2555904	3833856	0.921837
2557952	3836928	0.953799
2560000	3840000	0.991190
2562048	3843072	0.970233
2564096	3846144	1.052247
2566144	3849216	1.002322
2568192	3852288	0.962556
2570240	3855360	0.970116
2572288	3858432	0.958877
2574336	3861504	0.958383
2576384	3864576	0.976200
2578432	3867648	0.957089
2580480	3870720	0.988319
2582528	3873792	0.987328
2584576	3876864	0.878747
2586624	3879936	1.028469
2588672	3883008	0.999017
2590720	3886080	0.972619
2592768	3889152	0.975411
2594816	3892224	0.968461
2596864	3895296	0.986843
2598912	3898368	1.004833
2600960	3901440	0.958900
2603008	3904512	0.965189
2605056	3907584	1.006821
2607104	3910656	1.073713
2609152	3913728	0.955811
2611200	3916800	0.990188
2613248	3919872	1.017777
2615296	3922944	1.022851
2617344	3926016	1.126256
2619392	3929088	1.025063
2621440	3932160	0.900984
2623488	3935232	0.962695
2625536	3938304	1.154966
2627584	3941376	0.903381
2629632	3944448	0.966792
2631680	3947520	0.970783
2633728	3950592	1.019762
2635776	3953664	0.952083
2637824	3956736	0.945822
2639872	3959808	0.975300
2641920	3962880	1.024232
2643968	3965952	1.003669
2646016	3969024	0.965124
2648064	3972096	1.023280
2650112	3975168	1.008684
2652160	3978240	0.987199
2654208	3981312	0.962784
2656256	3984384	0.905787
2658304	3987456	0.982777
2660352	3990528	0.908719
2662400	3993600	0.902620
2664448	3996672	0.880596
2666496	3999744	0.888039
2668544	4002816	0.892740
2670592	4005888	0.896545
2672640	4008960	0.891618
2674688	4012032	0.892793
2676736	4015104	0.893315
2678784	4018176	0.931032
2680832	4021248	0.913859
2682880	4024320	1.289567
2684928	4027392	1.106215
2686976	4030464	0.994222
2689024	4033536	1.022675
2691072	4036608	1.028477
2693120	4039680	0.998846
2695168	4042752	1.044685
2697216	4045824	0.963168
2699264	4048896	0.941088
2701312	4051968	1.054688
2703360	4055040	1.011209
2705408	4058112	0.907799
2707456	4061184	1.069456
2709504	4064256	0.982475
2711552	4067328	0.986062
2713600	4070400	1.038291
2715648	4073472	1.036821
2717696	4076544	1.044626
2719744	4079616	1.041864
2721792	4082688	1.042641
2723840	4085760	1.043041
2725888	4088832	1.046314
2727936	4091904	1.078951
2729984	4094976	1.138433
2732032	4098048	1.066897
2734080	4101120	1.072723
2736128	4104192	1.084034
2738176	4107264	1.068916
2740224	4110336	1.065941
2742272	4113408	1.070814
2744320	4116480	1.073173
2746368	4119552	1.051286
2748416	4122624	1.060341
2750464	4125696	1.071950
2752512	4128768	1.058301
2754560	4131840	1.278602
2756608	4134912	1.066944
2758656	4137984	1.080295
2760704	4141056	1.081603
2762752	4144128	1.111940
2764800	4147200	1.075142
2766848	4150272	1.056135
2768896	4153344	1.069902
2770944	4156416	1.054960
2772992	4159488	1.081560
2775040	4162560	1.067270
2777088	4165632	1.285913
2779136	4168704	1.074414
2781184	4171776	1.097659
2783232	4174848	1.038832
2785280	4177920	1.065172
2787328	4180992	1.033914
2789376	4184064	1.049118
2791424	4187136	1.033933
2793472	4190208	1.039323
2795520	4193280	1.033622
2797568	4196352	1.044438
2799616	4199424	1.201471
2801664	4202496	1.061731
2803712	4205568	1.054780
2805760	4208640	1.041392
2807808	4211712	1.053191
2809856	4214784	1.039273
2811904	4217856	1.039686
2813952	4220928	1.045271
2816000	4224000	1.112345
2818048	4227072	1.101969
2820096	4230144	1.134861
2822144	4233216	1.268387
2824192	4236288	1.057614
2826240	4239360	1.002128
2828288	4242432	0.997001
2830336	4245504	1.004714
2832384	4248576	0.929599
2834432	4251648	1.047052
2836480	4254720	0.984887
2838528	4257792	0.996368
2840576	4260864	1.025973
2842624	4263936	1.010161
2844672	4267008	1.060169
2846720	4270080	1.022984
2848768	4273152	1.085573
2850816	4276224	1.033769
2852864	4279296	1.070184
2854912	4282368	1.104438
2856960	4285440	1.037329
2859008	4288512	1.053765
2861056	4291584	1.038093
2863104	4294656	1.060385
2865152	4297728	1.036756
2867200	4300800	1.022397
2869248	4303872	1.115464
2871296	4306944	1.084735
2873344	4310016	1.045752
2875392	4313088	1.061412
2877440	4316160	1.049745
2879488	4319232	1.044371
2881536	4322304	1.096194
2883584	4325376	1.073038
2885632	4328448	1.067337
2887680	4331520	1.077990
2889728	4334592	1.088727
2891776	4337664	1.077028
2893824	4340736	1.050406
2895872	4343808	1.084982
2897920	4346880	1.061599
2899968	4349952	1.066678
2902016	4353024	1.066530
2904064	4356096	1.071171
2906112	4359168	1.058850
2908160	4362240	1.055871
2910208	4365312	1.062820
2912256	4368384	1.082419
2914304	4371456	1.089201
2916352	4374528	1.129606
2918400	4377600	1.113605
2920448	4380672	1.108413
2922496	4383744	1.126038
2924544	4386816	1.121230
2926592	4389888	1.030834
2928640	4392960	1.218346
2930688	4396032	1.153031
2932736	4399104	1.131767
2934784	4402176	1.142360
2936832	4405248	1.110565
2938880	4408320	1.151172
2940928	4411392	1.088202
2942976	4414464	1.065078
2945024	4417536	1.143558
2947072	4420608	1.100730
2949120	4423680	1.104416
2951168	4426752	1.076687
2953216	4429824	1.229763
2955264	4432896	1.029987
2957312	4435968	1.105051
2959360	4439040	1.140962
2961408	4442112	1.060239
2963456	4445184	1.246474
2965504	4448256	1.037139
2967552	4451328	1.042650
2969600	4454400	1.040614
2971648	4457472	1.102853
2973696	4460544	1.041544
2975744	4463616	1.151662
2977792	4466688	1.110246
2979840	4469760	1.257058
2981888	4472832	1.125706
2983936	4475904	1.049762
2985984	4478976	1.111312
2988032	4482048	1.019588
2990080	4485120	1.011458
2992128	4488192	1.011133
2994176	4491264	1.009531
2996224	4494336	1.023765
2998272	4497408	1.041004
3000320	4500480	1.164539
3002368	4503552	1.151692
3004416	4506624	1.012488
3006464	4509696	1.013198
3008512	4512768	1.005171
3010560	4515840	1.013140
3012608	4518912	1.066426
3014656	4521984	1.040711
3016704	4525056	1.042694
3018752	4528128	1.045772
3020800	4531200	1.034817
3022848	4534272	1.030129
3024896	4537344	1.034837
3026944	4540416	1.057874
3028992	4543488	1.028980
3031040	4546560	1.014903
3033088	4549632	1.012345
3035136	4552704	1.018361
3037184	4555776	1.018902
3039232	4558848	1.281484
3041280	4561920	1.048635
3043328	4564992	1.051174
3045376	4568064	1.201913
3047424	4571136	1.241137
3049472	4574208	1.048020
3051520	4577280	1.128341
3053568	4580352	1.167336
3055616	4583424	1.180802
3057664	4586496	1.140153
3059712	4589568	1.144989
3061760	4592640	1.193093
3063808	4595712	1.181911
3065856	4598784	1.200238
3067904	4601856	1.204547
3069952	4604928	1.164837
3072000	4608000	1.249599
3074048	4611072	1.216731
3076096	4614144	1.186706
3078144	4617216	1.191903
3080192	4620288	1.171598
3082240	4623360	1.068520
3084288	4626432	1.099219
3086336	4629504	1.088401
3088384	4632576	1.056473
3090432	4635648	1.062874
3092480	4638720	1.060315
3094528	4641792	1.063501
3096576	4644864	1.413828
3098624	4647936	1.204487
3100672	4651008	1.259290
3102720	4654080	1.312061
3104768	4657152	1.132064
3106816	4660224	1.135499
3108864	4663296	1.154103
3110912	4666368	1.199389
3112960	4669440	1.187282
3115008	4672512	1.153349
3117056	4675584	1.161998
3119104	4678656	1.167522
3121152	4681728	1.153645
3123200	4684800	1.141605
3125248	4687872	1.088198
3127296	4690944	1.285216
3129344	4694016	1.196235
3131392	4697088	1.210726
3133440	4700160	1.223579
3135488	4703232	1.093774
3137536	4706304	1.065246
3139584	4709376	1.188240
3141632	4712448	1.065885
3143680	4715520	1.075601
3145728	4718592	1.165318
3147776	4721664	1.437753
3149824	4724736	1.178691
3151872	4727808	1.191937
3153920	4730880	1.182726
3155968	4733952	1.226954
3158016	4737024	1.258496
3160064	4740096	1.268930
3162112	4743168	1.290100
3164160	4746240	1.289545
3166208	4749312	1.197905
3168256	4752384	1.213809
3170304	4755456	1.276649
3172352	4758528	1.167977
3174400	4761600	1.173732
3176448	4764672	1.169680
3178496	4767744	1.159604
3180544	4770816	1.192015
3182592	4773888	1.199366
3184640	4776960	1.316196
3186688	4780032	1.164580
3188736	4783104	1.364542
3190784	4786176	1.209554
3192832	4789248	1.200651
3194880	4792320	1.191519
3196928	4795392	1.277653
3198976	4798464	1.323979
3201024	4801536	1.319506
3203072	4804608	1.303041
3205120	4807680	1.309568
3207168	4810752	1.308577
3209216	4813824	1.343679
3211264	4816896	1.224501
3213312	4819968	1.167384
3215360	4823040	1.170314
3217408	4826112	1.187250
3219456	4829184	1.213530
3221504	4832256	1.208606
3223552	4835328	1.287932
3225600	4838400	1.227641
3227648	4841472	1.223185
3229696	4844544	1.227555
3231744	4847616	1.234891
3233792	4850688	1.287913
3235840	4853760	1.257444
3237888	4856832	1.209830
3239936	4859904	1.255898
3241984	4862976	1.437418
3244032	4866048	1.117180
3246080	4869120	1.097588
3248128	4872192	1.080824
3250176	4875264	1.168620
3252224	4878336	1.302138
3254272	4881408	1.424913
3256320	4884480	1.153538
3258368	4887552	1.216310
3260416	4890624	1.110471
3262464	4893696	1.164132
3264512	4896768	1.211374
3266560	4899840	1.276977
3268608	4902912	1.341209
3270656	4905984	1.174637
3272704	4909056	1.203856
3274752	4912128	1.154599
3276800	4915200	1.238700
3278848	4918272	1.237389
3280896	4921344	1.329198
3282944	4924416	1.325940
3284992	4927488	1.314659
3287040	4930560	1.207233
3289088	4933632	1.319564
3291136	4936704	1.195410
3293184	4939776	1.303554
3295232	4942848	1.183916
3297280	4945920	1.196133
3299328	4948992	1.534943
3301376	4952064	1.154690
3303424	4955136	1.166446
3305472	4958208	1.111317
3307520	4961280	1.301142
3309568	4964352	1.359244
3311616	4967424	1.258317
3313664	4970496	1.282704
3315712	4973568	1.251956
3317760	4976640	1.273548
3319808	4979712	1.280529
3321856	4982784	1.234050
3323904	4985856	1.452429
3325952	4988928	1.228154
3328000	4992000	1.314394
3330048	4995072	1.291122
3332096	4998144	1.356030
3334144	5001216	1.315909
3336192	5004288	1.275057
3338240	5007360	1.277599
3340288	5010432	1.362197
3342336	5013504	1.320061
3344384	5016576	1.250772
3346432	5019648	1.260166
3348480	5022720	1.279023
3350528	5025792	1.284954
3352576	5028864	1.275153
3354624	5031936	1.317830
3356672	5035008	1.367964
3358720	5038080	1.376622
3360768	5041152	1.273495
3362816	5044224	1.273465
3364864	5047296	1.258501
3366912	5050368	1.236957
3368960	5053440	1.478883
3371008	5056512	1.283990
3373056	5059584	1.268142
3375104	5062656	1.258696
3377152	5065728	1.217523
3379200	5068800	1.187494
3381248	5071872	1.169203
3383296	5074944	1.212398
3385344	5078016	1.217718
3387392	5081088	1.180793
3389440	5084160	1.169699
3391488	5087232	1.189073
3393536	5090304	1.178200
3395584	5093376	1.128688
3397632	5096448	1.137691
3399680	5099520	1.104881
3401728	5102592	1.145015
3403776	5105664	1.096064
3405824	5108736	1.119425
3407872	5111808	1.150713
3409920	5114880	1.127054
3411968	5117952	1.158266
3414016	5121024	1.117603
3416064	5124096	1.141971
3418112	5127168	1.297957
3420160	5130240	1.168388
3422208	5133312	1.211263
3424256	5136384	1.190028
3426304	5139456	1.547264
3428352	5142528	1.188524
3430400	5145600	1.184307
3432448	5148672	1.260416
3434496	5151744	1.174901
3436544	5154816	1.159025
3438592	5157888	1.144616
3440640	5160960	1.153529
3442688	5164032	1.153949
3444736	5167104	1.149534
3446784	5170176	1.158951
3448832	5173248	1.168263
3450880	5176320	1.161002
3452928	5179392	1.160565
3454976	5182464	1.164855
3457024	5185536	1.176400
3459072	5188608	1.147037
3461120	5191680	1.156046
3463168	5194752	1.154224
3465216	5197824	1.218458
3467264	5200896	1.159278
3469312	5203968	1.149691
3471360	5207040	1.188105
3473408	5210112	1.331867
3475456	5213184	1.206634
3477504	5216256	1.195481
3479552	5219328	1.183358
3481600	5222400	1.198623
3483648	5225472	1.354536
3485696	5228544	1.403072
3487744	5231616	1.181929
3489792	5234688	1.202887
3491840	5237760	1.203928
3493888	5240832	1.228753
3495936	5243904	1.213179
3497984	5246976	1.236337
3500032	5250048	1.197394
3502080	5253120	1.170866
3504128	5256192	1.169228
3506176	5259264	1.167471
3508224	5262336	1.193052
3510272	5265408	1.170271
3512320	5268480	1.168969
3514368	5271552	1.180798
3516416	5274624	1.186754
3518464	5277696	1.201137
3520512	5280768	1.168747
3522560	5283840	1.170243
3524608	5286912	1.174801
3526656	5289984	1.183190
3528704	5293056	1.268338
3530752	5296128	1.150803
3532800	5299200	1.160048
3534848	5302272	1.159517
3536896	5305344	1.293120
3538944	5308416	1.146379
3540992	5311488	1.155603
3543040	5314560	1.145872
3545088	5317632	1.142131
3547136	5320704	1.145363
3549184	5323776	1.173765
3551232	5326848	1.182923
3553280	5329920	1.205337
3555328	5332992	1.185651
3557376	5336064	1.190271
3559424	5339136	1.180931
3561472	5342208	1.174748
3563520	5345280	1.184261
3565568	5348352	1.465241
3567616	5351424	1.202747
3569664	5354496	1.197573
3571712	5357568	1.212656
3573760	5360640	1.202147
3575808	5363712	1.271403
3577856	5366784	1.203532
3579904	5369856	1.243378
3581952	5372928	1.201011
3584000	5376000	1.189915
3586048	5379072	1.240956
3588096	5382144	1.196064
3590144	5385216	1.209182
3592192	5388288	1.285347
3594240	5391360	1.290389
3596288	5394432	1.261358
3598336	5397504	1.164207
3600384	5400576	1.278665
3602432	5403648	1.431998
3604480	5406720	1.373778
3606528	5409792	1.283813
3608576	5412864	1.345571
3610624	5415936	1.208080
3612672	5419008	1.206138
3614720	5422080	1.294677
3616768	5425152	1.237127
3618816	5428224	1.199491
3620864	5431296	1.534772
3622912	5434368	1.292823
3624960	5437440	1.430585
3627008	5440512	1.416875
3629056	5443584	1.381496
3631104	5446656	1.580655
3633152	5449728	1.384634
3635200	5452800	1.786732
3637248	5455872	1.487768
3639296	5458944	1.371613
3641344	5462016	1.395267
3643392	5465088	1.500606
3645440	5468160	1.432417
3647488	5471232	1.447106
3649536	5474304	1.500386
3651584	5477376	1.358414
3653632	5480448	1.386439
3655680	5483520	1.397457
3657728	5486592	1.407809
3659776	5489664	1.377267
3661824	5492736	1.409982
3663872	5495808	1.436388
3665920	5498880	1.387852
3667968	5501952	1.400829
3670016	5505024	1.414707
3672064	5508096	1.374204
3674112	5511168	1.362694
3676160	5514240	1.348668
3678208	5517312	1.248230
3680256	5520384	1.241818
3682304	5523456	1.240285
3684352	5526528	1.496469
3686400	5529600	1.281215
3688448	5532672	1.444275
3690496	5535744	1.367925
3692544	5538816	1.577510
3694592	5541888	1.373510
3696640	5544960	1.358348
3698688	5548032	1.273441
3700736	5551104	1.283591
3702784	5554176	1.340598
3704832	5557248	1.363489
3706880	5560320	1.443463
3708928	5563392	1.446111
3710976	5566464	1.377497
3713024	5569536	1.674812
3715072	5572608	1.427849
3717120	5575680	1.358114
3719168	5578752	1.517829
3721216	5581824	1.531199
3723264	5584896	1.353767
3725312	5587968	1.614854
3727360	5591040	1.305109
3729408	5594112	1.319795
3731456	5597184	1.298815
3733504	5600256	1.512441
3735552	5603328	1.488980
3737600	5606400	1.513255
3739648	5609472	1.334096
3741696	5612544	1.438383
3743744	5615616	1.417175
3745792	5618688	1.268032
3747840	5621760	1.419292
3749888	5624832	1.266838
3751936	5627904	1.275238
3753984	5630976	1.355212
3756032	5634048	1.358129
3758080	5637120	1.469882
3760128	5640192	1.334940
3762176	5643264	1.424655
3764224	5646336	1.318414
3766272	5649408	1.315705
3768320	5652480	1.327040
3770368	5655552	1.286612
3772416	5658624	1.516628
3774464	5661696	1.315634
3776512	5664768	1.640409
3778560	5667840	1.308802
3780608	5670912	1.395832
3782656	5673984	1.268196
3784704	5677056	1.405309
3786752	5680128	1.388947
3788800	5683200	1.340018
3790848	5686272	1.354919
3792896	5689344	1.380635
3794944	5692416	1.552678
3796992	5695488	1.288812
3799040	5698560	1.271910
3801088	5701632	1.311466
3803136	5704704	1.302371
3805184	5707776	1.418529
3807232	5710848	1.289752
3809280	5713920	1.319641
3811328	5716992	1.318295
3813376	5720064	1.336125
3815424	5723136	1.362025
3817472	5726208	1.376612
3819520	5729280	1.368272
3821568	5732352	1.531373
3823616	5735424	1.482341
3825664	5738496	1.538198
3827712	5741568	1.645460
3829760	5744640	1.748535
3831808	5747712	1.670385
3833856	5750784	1.663075
3835904	5753856	1.769466
3837952	5756928	1.744983
3840000	5760000	1.340742
3842048	5763072	1.437622
3844096	5766144	1.421527
3846144	5769216	1.317969
3848192	5772288	1.321670
3850240	5775360	1.403415
3852288	5778432	1.358835
3854336	5781504	1.409447
3856384	5784576	1.337630
3858432	5787648	1.350193
3860480	5790720	1.302683
3862528	5793792	1.321611
3864576	5796864	1.320793
3866624	5799936	1.321751
3868672	5803008	1.444855
3870720	5806080	1.440989
3872768	5809152	1.420623
3874816	5812224	1.369114
3876864	5815296	1.337118
3878912	5818368	1.326184
3880960	5821440	1.353129
3883008	5824512	1.392635
3885056	5827584	1.337786
3887104	5830656	1.388521
3889152	5833728	1.329918
3891200	5836800	1.357058
3893248	5839872	1.388089
3895296	5842944	1.322158
3897344	5846016	1.443703
3899392	5849088	1.394048
3901440	5852160	1.432210
3903488	5855232	1.403735
3905536	5858304	1.377221
3907584	5861376	1.351058
3909632	5864448	1.333723
3911680	5867520	1.378336
3913728	5870592	1.396040
3915776	5873664	1.388739
3917824	5876736	1.400172
3919872	5879808	1.413910
3921920	5882880	1.367235
3923968	5885952	1.419923
3926016	5889024	1.370746
3928064	5892096	1.407699
3930112	5895168	1.342158
3932160	5898240	1.482641
3934208	5901312	1.411785
3936256	5904384	1.444638
3938304	5907456	1.348596
3940352	5910528	1.423732
3942400	5913600	1.359322
3944448	5916672	1.379590
3946496	5919744	1.357112
3948544	5922816	1.379870
3950592	5925888	1.404385
3952640	5928960	1.370622
3954688	5932032	1.344998
3956736	5935104	1.508763
3958784	5938176	1.387732
3960832	5941248	1.432246
3962880	5944320	1.573815
3964928	5947392	1.534060
3966976	5950464	1.469134
3969024	5953536	1.495227
3971072	5956608	1.606808
3973120	5959680	1.751582
3975168	5962752	1.454616
3977216	5965824	1.472877
3979264	5968896	1.431707
3981312	5971968	1.456244
3983360	5975040	1.454739
3985408	5978112	1.387538
3987456	5981184	1.398407
3989504	5984256	1.375240
3991552	5987328	1.389964
3993600	5990400	1.359026
3995648	5993472	1.324240
3997696	5996544	1.317459
3999744	5999616	1.353297
4001792	6002688	1.412823
4003840	6005760	1.459281
4005888	6008832	1.380663
4007936	6011904	1.417708
4009984	6014976	1.466835
4012032	6018048	1.451406
4014080	6021120	1.454965
4016128	6024192	1.529357
4018176	6027264	1.720073
4020224	6030336	1.467299
4022272	6033408	1.449009
4024320	6036480	1.447939
4026368	6039552	1.442125
4028416	6042624	1.497013
4030464	6045696	1.596634
4032512	6048768	1.514536
4034560	6051840	1.574077
4036608	6054912	1.634412
4038656	6057984	1.562530
4040704	6061056	1.560196
4042752	6064128	1.524522
4044800	6067200	1.527354
4046848	6070272	1.589387
4048896	6073344	1.559151
4050944	6076416	1.396107
4052992	6079488	1.563280
4055040	6082560	1.391323
4057088	6085632	1.363372
4059136	6088704	1.450716
4061184	6091776	1.421709
4063232	6094848	1.366756
4065280	6097920	1.438924
4067328	6100992	1.606683
4069376	6104064	1.541446
4071424	6107136	1.633901
4073472	6110208	1.517670
4075520	6113280	1.502213
4077568	6116352	1.557812
4079616	6119424	1.513139
4081664	6122496	1.451802
4083712	6125568	1.466718
4085760	6128640	1.441975
4087808	6131712	1.412517
4089856	6134784	1.769888
4091904	6137856	1.468083
4093952	6140928	1.767207
4096000	6144000	1.739720
4098048	6147072	1.410009
4100096	6150144	1.432520
4102144	6153216	1.377624
4104192	6156288	1.402991
4106240	6159360	1.438177
4108288	6162432	1.397132
4110336	6165504	1.735021
4112384	6168576	1.502630
4114432	6171648	1.485836
4116480	6174720	1.487343
4118528	6177792	1.732283
4120576	6180864	1.502841
4122624	6183936	1.726896
4124672	6187008	1.356842
4126720	6190080	1.520897
4128768	6193152	1.543965
4130816	6196224	1.490176
4132864	6199296	1.510844
4134912	6202368	1.472573
4136960	6205440	1.542284
4139008	6208512	1.550560
4141056	6211584	1.601254
4143104	6214656	1.628708
4145152	6217728	1.671634
4147200	6220800	1.639281
4149248	6223872	1.633726
4151296	6226944	1.607699
4153344	6230016	1.591307
4155392	6233088	1.632857
4157440	6236160	1.601797
4159488	6239232	1.599670
4161536	6242304	1.605984
4163584	6245376	1.570549
4165632	6248448	1.592420
4167680	6251520	1.545963
4169728	6254592	1.532724
4171776	6257664	1.559748
4173824	6260736	1.585387
4175872	6263808	1.581589
4177920	6266880	1.693545
4179968	6269952	1.606522
4182016	6273024	1.594967
4184064	6276096	1.600757
4186112	6279168	1.625928
4188160	6282240	1.630297
4190208	6285312	1.643148
4192256	6288384	1.647728
4194304	6291456	1.631274
4196352	6294528	1.559296
4198400	6297600	1.589092
4200448	6300672	1.626485
4202496	6303744	1.611963
4204544	6306816	1.588840
4206592	6309888	1.597689
4208640	6312960	1.580998
4210688	6316032	1.573168
4212736	6319104	1.614474
4214784	6322176	1.596824
4216832	6325248	1.589725
4218880	6328320	1.584386
4220928	6331392	1.611799
4222976	6334464	1.596235
4225024	6337536	1.593022
4227072	6340608	1.614058
4229120	6343680	1.636274
4231168	6346752	1.656123
4233216	6349824	1.616999
4235264	6352896	1.602782
4237312	6355968	1.664534
4239360	6359040	1.627738
4241408	6362112	1.587270
4243456	6365184	1.615452
4245504	6368256	1.643745
4247552	6371328	1.600786
4249600	6374400	1.497716
4251648	6377472	1.569919
4253696	6380544	1.488669
4255744	6383616	1.453998
4257792	6386688	1.419944
4259840	6389760	1.481573
4261888	6392832	1.513923
4263936	6395904	1.456897
4265984	6398976	1.635595
4268032	6402048	1.559266
4270080	6405120	1.481521
4272128	6408192	1.501826
4274176	6411264	1.459486
4276224	6414336	1.476939
4278272	6417408	1.443661
4280320	6420480	1.475518
4282368	6423552	1.440317
4284416	6426624	1.440280
4286464	6429696	1.423576
4288512	6432768	1.433811
4290560	6435840	1.443857
4292608	6438912	1.483688
4294656	6441984	1.538560
4296704	6445056	1.479967
4298752	6448128	1.501581
4300800	6451200	1.491637
4302848	6454272	1.480826
4304896	6457344	1.663698
4306944	6460416	1.442550
4308992	6463488	1.480115
4311040	6466560	1.441815
4313088	6469632	1.450936
4315136	6472704	1.453638
4317184	6475776	1.453901
4319232	6478848	1.438173
4321280	6481920	1.448285
4323328	6484992	1.445566
4325376	6488064	1.514903
4327424	6491136	1.462135
4329472	6494208	1.466261
4331520	6497280	1.472953
4333568	6500352	1.492090
4335616	6503424	1.471903
4337664	6506496	1.458497
4339712	6509568	1.460750
4341760	6512640	1.482148
4343808	6515712	1.471511
4345856	6518784	1.452279
4347904	6521856	1.471396
4349952	6524928	1.482817
4352000	6528000	1.482916
4354048	6531072	1.451608
4356096	6534144	1.465911
4358144	6537216	1.488979
4360192	6540288	1.480559
4362240	6543360	1.469558
4364288	6546432	1.484753
4366336	6549504	1.513587
4368384	6552576	1.476547
4370432	6555648	1.472181
4372480	6558720	1.471264
4374528	6561792	1.511019
4376576	6564864	1.471380
4378624	6567936	1.469085
4380672	6571008	1.476407
4382720	6574080	1.520513
4384768	6577152	1.550649
4386816	6580224	1.505714
4388864	6583296	1.505501
4390912	6586368	1.496792
4392960	6589440	1.467702
4395008	6592512	1.416176
4397056	6595584	1.455898
4399104	6598656	1.425477
4401152	6601728	1.416533
4403200	6604800	1.420619
4405248	6607872	1.424852
4407296	6610944	1.422814
4409344	6614016	1.413380
4411392	6617088	1.417547
4413440	6620160	1.457780
4415488	6623232	1.466606
4417536	6626304	1.462022
4419584	6629376	1.453740
4421632	6632448	1.461908
4423680	6635520	1.489477
4425728	6638592	1.486342
4427776	6641664	1.637278
4429824	6644736	1.499994
4431872	6647808	1.462127
4433920	6650880	1.473630
4435968	6653952	1.646286
4438016	6657024	1.515308
4440064	6660096	1.684734
4442112	6663168	1.549706
4444160	6666240	1.481361
4446208	6669312	1.576424
4448256	6672384	1.644230
4450304	6675456	1.610911
4452352	6678528	1.683062
4454400	6681600	1.597260
4456448	6684672	1.641675
4458496	6687744	1.624047
4460544	6690816	1.664697
4462592	6693888	1.648956
4464640	6696960	1.646949
4466688	6700032	1.623532
4468736	6703104	1.726687
4470784	6706176	1.665839
4472832	6709248	1.683023
4474880	6712320	1.658116
4476928	6715392	1.635210
4478976	6718464	1.604211
4481024	6721536	1.671878
4483072	6724608	1.606866
4485120	6727680	1.667384
4487168	6730752	1.654177
4489216	6733824	1.650545
4491264	6736896	1.648333
4493312	6739968	1.625237
4495360	6743040	1.648982
4497408	6746112	1.627892
4499456	6749184	1.620944
4501504	6752256	1.643053
4503552	6755328	1.654887
4505600	6758400	1.662002
4507648	6761472	1.686223
4509696	6764544	1.634652
4511744	6767616	1.675886
4513792	6770688	1.634299
4515840	6773760	1.652781
4517888	6776832	1.721497
4519936	6779904	1.676825
4521984	6782976	1.675342
4524032	6786048	1.670448
4526080	6789120	1.687244
4528128	6792192	1.685711
4530176	6795264	1.664101
4532224	6798336	1.688638
4534272	6801408	1.653904
4536320	6804480	1.685067
4538368	6807552	1.772691
4540416	6810624	1.751787
4542464	6813696	1.766648
4544512	6816768	1.749523
4546560	6819840	1.753082
4548608	6822912	1.734295
4550656	6825984	1.730407
4552704	6829056	1.829757
4554752	6832128	1.891895
4556800	6835200	1.818492
4558848	6838272	1.622987
4560896	6841344	1.957249
4562944	6844416	1.791372
4564992	6847488	1.735889
4567040	6850560	1.849968
4569088	6853632	1.747411
4571136	6856704	1.726204
4573184	6859776	1.746314
4575232	6862848	1.678331
4577280	6865920	1.767424
4579328	6868992	1.822110
4581376	6872064	1.793371
4583424	6875136	1.809250
4585472	6878208	1.925666
4587520	6881280	1.868312
4589568	6884352	1.854071
4591616	6887424	1.572347
4593664	6890496	2.157085
4595712	6893568	1.992579
4597760	6896640	1.948923
4599808	6899712	1.964721
4601856	6902784	1.593863
4603904	6905856	1.661464
4605952	6908928	1.579330
4608000	6912000	1.488219
4610048	6915072	1.484862
4612096	6918144	1.487881
4614144	6921216	1.522865
4616192	6924288	1.482092
4618240	6927360	1.487297
4620288	6930432	1.539932
4622336	6933504	1.693325
4624384	6936576	1.500554
4626432	6939648	1.504776
4628480	6942720	1.598676
4630528	6945792	1.588782
4632576	6948864	1.662543
4634624	6951936	1.880743
4636672	6955008	1.618322
4638720	6958080	1.612442
4640768	6961152	1.624846
4642816	6964224	1.850263
4644864	6967296	1.555349
4646912	6970368	1.607206
4648960	6973440	1.573055
4651008	6976512	1.700045
4653056	6979584	1.615731
4655104	6982656	1.709988
4657152	6985728	1.589677
4659200	6988800	1.574695
4661248	6991872	1.607756
4663296	6994944	1.574880
4665344	6998016	1.622172
4667392	7001088	1.631686
4669440	7004160	1.580011
4671488	7007232	1.626041
4673536	7010304	1.766368
4675584	7013376	1.654753
4677632	7016448	1.625597
4679680	7019520	1.625249
4681728	7022592	1.780111
4683776	7025664	1.834959
4685824	7028736	1.779583
4687872	7031808	1.752846
4689920	7034880	1.757602
4691968	7037952	1.761472
4694016	7041024	1.792114
4696064	7044096	1.723031
4698112	7047168	1.745178
4700160	7050240	1.819308
4702208	7053312	1.781958
4704256	7056384	1.805335
4706304	7059456	1.770935
4708352	7062528	1.905030
4710400	7065600	1.672709
4712448	7068672	1.733597
4714496	7071744	1.862649
4716544	7074816	2.035915
4718592	7077888	1.673381
4720640	7080960	1.766878
4722688	7084032	1.794313
4724736	7087104	1.760463
4726784	7090176	1.873905
4728832	7093248	1.768509
4730880	7096320	1.900129
4732928	7099392	1.606710
4734976	7102464	1.589573
4737024	7105536	1.631603
4739072	7108608	1.622739
4741120	7111680	1.607099
4743168	7114752	1.649433
4745216	7117824	1.604910
4747264	7120896	1.628239
4749312	7123968	1.619856
4751360	7127040	1.624976
4753408	7130112	1.593651
4755456	7133184	1.601701
4757504	7136256	1.593008
4759552	7139328	1.585604
4761600	7142400	1.597398
4763648	7145472	1.576519
4765696	7148544	1.567476
4767744	7151616	1.581907
4769792	7154688	1.592639
4771840	7157760	1.593371
4773888	7160832	1.584255
4775936	7163904	1.597702
4777984	7166976	1.585615
4780032	7170048	1.779818
4782080	7173120	1.682367
4784128	7176192	1.773675
4786176	7179264	1.631910
4788224	7182336	1.612005
4790272	7185408	2.070620
4792320	7188480	1.963249
4794368	7191552	1.941634
4796416	7194624	2.035698
4798464	7197696	1.953018
4800512	7200768	1.907046
4802560	7203840	1.919126
4804608	7206912	1.919382
4806656	7209984	1.841565
4808704	7213056	1.898378
4810752	7216128	2.065705
4812800	7219200	2.181508
4814848	7222272	1.866733
4816896	7225344	1.881601
4818944	7228416	1.905752
4820992	7231488	1.869156
4823040	7234560	1.917097
4825088	7237632	1.899369
4827136	7240704	2.327593
4829184	7243776	1.721892
4831232	7246848	1.780773
4833280	7249920	2.013968
4835328	7252992	2.109273
4837376	7256064	2.070414
4839424	7259136	1.799903
4841472	7262208	1.833093
4843520	7265280	1.705777
4845568	7268352	1.835075
4847616	7271424	1.965573
4849664	7274496	1.929085
4851712	7277568	1.881308
4853760	7280640	1.933679
4855808	7283712	1.943708
4857856	7286784	1.874575
4859904	7289856	1.882861
4861952	7292928	1.832168
4864000	7296000	1.887127
4866048	7299072	1.894313
4868096	7302144	2.165949
4870144	7305216	2.039971
4872192	7308288	2.076931
4874240	7311360	2.133499
4876288	7314432	1.884666
4878336	7317504	1.751556
4880384	7320576	1.776109
4882432	7323648	1.787283
4884480	7326720	1.778083
4886528	7329792	1.741699
4888576	7332864	1.872342
4890624	7335936	1.987460
4892672	7339008	1.991825
4894720	7342080	1.838178
4896768	7345152	1.917608
4898816	7348224	1.911822
4900864	7351296	1.885087
4902912	7354368	1.925454
4904960	7357440	1.729758
4907008	7360512	1.745579
4909056	7363584	1.737851
4911104	7366656	2.205474
4913152	7369728	1.725734
4915200	7372800	1.786256
4917248	7375872	1.812229
4919296	7378944	1.783663
4921344	7382016	1.764435
4923392	7385088	1.669703
4925440	7388160	1.687349
4927488	7391232	2.136904
4929536	7394304	2.264918
4931584	7397376	1.937673
4933632	7400448	1.881275
4935680	7403520	1.944265
4937728	7406592	1.929872
4939776	7409664	1.893050
4941824	7412736	1.911415
4943872	7415808	1.958087
4945920	7418880	1.897654
4947968	7421952	1.952236
4950016	7425024	1.886416
4952064	7428096	1.751749
4954112	7431168	1.806090
4956160	7434240	1.820692
4958208	7437312	2.131222
4960256	7440384	1.905502
4962304	7443456	1.849082
4964352	7446528	1.913753
4966400	7449600	1.949258
4968448	7452672	1.993922
4970496	7455744	1.950237
4972544	7458816	1.957208
4974592	7461888	1.947571
4976640	7464960	1.892678
4978688	7468032	1.745013
4980736	7471104	1.766253
4982784	7474176	1.763256
4984832	7477248	1.818408
4986880	7480320	1.951850
4988928	7483392	1.718888
4990976	7486464	1.699237
4993024	7489536	1.689930
4995072	7492608	1.787008
4997120	7495680	1.774225
4999168	7498752	1.988875
5001216	7501824	2.048977
5003264	7504896	1.979591
5005312	7507968	1.975079
5007360	7511040	1.993596
5009408	7514112	1.949038
5011456	7517184	1.945938
5013504	7520256	1.934518
5015552	7523328	1.988057
5017600	7526400	2.017928
5019648	7529472	2.046333
5021696	7532544	2.079122
5023744	7535616	2.013115
5025792	7538688	2.282321
5027840	7541760	2.006327
5029888	7544832	2.119773
5031936	7547904	1.975025
5033984	7550976	1.971774
5036032	7554048	1.969219
5038080	7557120	2.129080
5040128	7560192	2.089857
5042176	7563264	1.877489
5044224	7566336	1.754808
5046272	7569408	1.888323
5048320	7572480	1.894303
5050368	7575552	1.828864
5052416	7578624	1.824287
5054464	7581696	2.039993
5056512	7584768	2.194735
5058560	7587840	2.009351
5060608	7590912	1.939794
5062656	7593984	2.004152
5064704	7597056	2.035404
5066752	7600128	1.990833
5068800	7603200	2.071229
5070848	7606272	2.102764
5072896	7609344	2.060031
5074944	7612416	1.984055
5076992	7615488	2.026086
5079040	7618560	1.878220
5081088	7621632	1.796489
5083136	7624704	1.950442
5085184	7627776	1.882026
5087232	7630848	1.742012
5089280	7633920	2.170073
5091328	7636992	1.880764
5093376	7640064	2.026093
5095424	7643136	1.980163
5097472	7646208	1.991345
5099520	7649280	1.864713
5101568	7652352	2.208546
5103616	7655424	1.947449
5105664	7658496	1.959694
5107712	7661568	1.999338
5109760	7664640	1.901739
5111808	7667712	1.916534
5113856	7670784	2.381903
5115904	7673856	1.966209
5117952	7676928	1.940453
5120000	7680000	2.116261
5122048	7683072	1.932201
5124096	7686144	1.913435
5126144	7689216	1.844648
5128192	7692288	1.772137
5130240	7695360	1.821876
5132288	7698432	1.902309
5134336	7701504	1.729508
5136384	7704576	2.077794
5138432	7707648	2.071166
5140480	7710720	2.011587
5142528	7713792	2.072592
5144576	7716864	2.044856
5146624	7719936	2.166531
5148672	7723008	2.320677
5150720	7726080	2.156698
5152768	7729152	2.006656
5154816	7732224	2.130995
5156864	7735296	2.036847
5158912	7738368	2.024531
5160960	7741440	2.067835
5163008	7744512	2.041262
5165056	7747584	2.116478
5167104	7750656	2.072629
5169152	7753728	2.141515
5171200	7756800	2.055131
5173248	7759872	2.103953
5175296	7762944	2.171176
5177344	7766016	2.151709
5179392	7769088	2.036838
5181440	7772160	2.182570
5183488	7775232	1.986913
5185536	7778304	1.944047
5187584	7781376	2.386928
5189632	7784448	2.567275
5191680	7787520	2.645955
5193728	7790592	2.648979
5195776	7793664	2.622005
5197824	7796736	2.759054
5199872	7799808	2.666178
5201920	7802880	2.749479
5203968	7805952	2.753289
5206016	7809024	2.748109
5208064	7812096	2.774385
5210112	7815168	2.633598
5212160	7818240	2.680516
5214208	7821312	2.746246
5216256	7824384	2.736379
5218304	7827456	2.721075
5220352	7830528	2.875820
5222400	7833600	2.702454
5224448	7836672	2.722144
5226496	7839744	2.725068
5228544	7842816	2.792044
5230592	7845888	2.858930
5232640	7848960	2.365737
5234688	7852032	2.365468
5236736	7855104	2.266986
5238784	7858176	2.879748
5240832	7861248	2.438455
5242880	7864320	2.171227
5244928	7867392	2.212108
5246976	7870464	2.154922
5249024	7873536	2.078236
5251072	7876608	2.169068
5253120	7879680	2.130429
5255168	7882752	2.135502
5257216	7885824	2.207052
5259264	7888896	2.176158
5261312	7891968	2.202607
5263360	7895040	2.163503
5265408	7898112	2.250428
5267456	7901184	2.171452
5269504	7904256	2.138898
5271552	7907328	2.144316
5273600	7910400	2.231871
5275648	7913472	2.105430
5277696	7916544	1.850911
5279744	7919616	1.894667
5281792	7922688	1.902585
5283840	7925760	1.957741
5285888	7928832	2.184834
5287936	7931904	2.150929
5289984	7934976	2.185860
5292032	7938048	2.114727
5294080	7941120	2.150118
5296128	7944192	2.126093
5298176	7947264	2.155022
5300224	7950336	2.174036
5302272	7953408	2.193574
5304320	7956480	2.143525
5306368	7959552	2.170514
5308416	7962624	2.116069
5310464	7965696	2.159877
5312512	7968768	2.123197
5314560	7971840	2.153342
5316608	7974912	1.852640
5318656	7977984	1.854490
5320704	7981056	1.837437
5322752	7984128	1.859243
5324800	7987200	1.842936
5326848	7990272	1.884907
5328896	7993344	1.835759
5330944	7996416	1.840812
5332992	7999488	1.816534
5335040	8002560	1.841405
5337088	8005632	1.850135
5339136	8008704	1.824660
5341184	8011776	1.855503
5343232	8014848	1.937552
5345280	8017920	2.255059
5347328	8020992	2.398863
5349376	8024064	2.508630
5351424	8027136	2.596529
5353472	8030208	1.990578
5355520	8033280	2.041566
5357568	8036352	1.830217
5359616	8039424	1.892384
5361664	8042496	2.191916
5363712	8045568	1.936717
5365760	8048640	2.122079
5367808	8051712	2.036457
5369856	8054784	2.044937
5371904	8057856	1.841611
5373952	8060928	1.850489
5376000	8064000	1.876436
5378048	8067072	1.852308
5380096	8070144	1.849698
5382144	8073216	1.871766
5384192	8076288	1.832115
5386240	8079360	1.845660
5388288	8082432	1.855534
5390336	8085504	1.868108
5392384	8088576	1.834604
5394432	8091648	1.860220
5396480	8094720	1.903911
5398528	8097792	2.024624
5400576	8100864	1.873578
5402624	8103936	1.870463
5404672	8107008	1.957080
5406720	8110080	2.026292
5408768	8113152	2.272127
5410816	8116224	2.361760
5412864	8119296	2.251067
5414912	8122368	2.270939
5416960	8125440	2.542722
5419008	8128512	1.894216
5421056	8131584	2.318980
5423104	8134656	2.217872
5425152	8137728	2.320740
5427200	8140800	2.304391
5429248	8143872	2.255659
5431296	8146944	2.402594
5433344	8150016	2.412795
5435392	8153088	2.333413
5437440	8156160	2.368869
5439488	8159232	2.305410
5441536	8162304	2.312067
5443584	8165376	2.322794
5445632	8168448	2.235499
5447680	8171520	2.119705
5449728	8174592	1.982171
5451776	8177664	1.967380
5453824	8180736	1.985000
5455872	8183808	1.935455
5457920	8186880	1.904250
5459968	8189952	2.018174
5462016	8193024	2.796983
5464064	8196096	2.350262
5466112	8199168	2.365882
5468160	8202240	2.347407
5470208	8205312	2.353282
5472256	8208384	2.362430
5474304	8211456	2.377404
5476352	8214528	2.331824
5478400	8217600	2.346604
5480448	8220672	2.713123
5482496	8223744	2.311588
5484544	8226816	2.248329
5486592	8229888	2.224848
5488640	8232960	2.258045
5490688	8236032	2.268026
5492736	8239104	2.253780
5494784	8242176	2.216521
5496832	8245248	2.381093
5498880	8248320	2.327232
5500928	8251392	2.299684
5502976	8254464	2.369878
5505024	8257536	2.295818
5507072	8260608	2.370297
5509120	8263680	2.297023
5511168	8266752	2.290733
5513216	8269824	2.299521
5515264	8272896	2.307799
5517312	8275968	1.936141
5519360	8279040	1.905937
5521408	8282112	1.903827
5523456	8285184	1.858668
5525504	8288256	1.886338
5527552	8291328	1.902606
5529600	8294400	1.923786
5531648	8297472	1.906609
5533696	8300544	1.930544
5535744	8303616	1.883433
5537792	8306688	1.872017
5539840	8309760	1.897037
5541888	8312832	1.875872
5543936	8315904	1.883673
5545984	8318976	1.907050
5548032	8322048	1.893557
5550080	8325120	1.887662
5552128	8328192	1.863812
5554176	8331264	1.892226
5556224	8334336	1.895186
5558272	8337408	1.909892
5560320	8340480	1.868759
5562368	8343552	1.903706
5564416	8346624	1.905763
5566464	8349696	1.928501
5568512	8352768	1.936583
5570560	8355840	1.968876
5572608	8358912	1.939273
5574656	8361984	1.934801
5576704	8365056	1.905264
5578752	8368128	1.936322
5580800	8371200	1.928807
5582848	8374272	1.932959
5584896	8377344	1.951675
5586944	8380416	1.943238
5588992	8383488	1.942068
5591040	8386560	1.926917
5593088	8389632	1.909158
5595136	8392704	1.919101
5597184	8395776	1.961523
5599232	8398848	1.936477
5601280	8401920	1.943886
5603328	8404992	1.934160
5605376	8408064	1.896067
5607424	8411136	1.889027
5609472	8414208	1.923554
5611520	8417280	1.931034
5613568	8420352	1.989651
5615616	8423424	2.117739
5617664	8426496	2.550137
5619712	8429568	2.538558
5621760	8432640	2.581430
5623808	8435712	2.688289
5625856	8438784	2.686951
5627904	8441856	2.592063
5629952	8444928	2.639808
5632000	8448000	2.575559
5634048	8451072	2.995944
5636096	8454144	2.570164
5638144	8457216	2.567917
5640192	8460288	2.945253
5642240	8463360	2.269010
5644288	8466432	1.959533
5646336	8469504	1.971554
5648384	8472576	1.968517
5650432	8475648	2.055142
5652480	8478720	1.988421
5654528	8481792	1.984172
5656576	8484864	2.001163
5658624	8487936	2.018236
5660672	8491008	2.045445
5662720	8494080	1.957136
5664768	8497152	1.975984
5666816	8500224	2.356376
5668864	8503296	1.943062
5670912	8506368	1.993777
5672960	8509440	1.950178
5675008	8512512	2.099151
5677056	8515584	2.060273
5679104	8518656	2.061812
5681152	8521728	2.293178
5683200	8524800	1.986462
5685248	8527872	2.113588
5687296	8530944	1.937567
5689344	8534016	2.007809
5691392	8537088	1.990817
5693440	8540160	2.389756
5695488	8543232	1.992281
5697536	8546304	2.084341
5699584	8549376	2.157356
5701632	8552448	2.091401
5703680	8555520	2.329836
5705728	8558592	2.001051
5707776	8561664	2.059010
5709824	8564736	1.989535
5711872	8567808	1.969490
5713920	8570880	2.385787
5715968	8573952	2.387102
5718016	8577024	1.965953
5720064	8580096	1.933757
5722112	8583168	1.942957
5724160	8586240	2.022858
5726208	8589312	2.464549
5728256	8592384	2.438692
5730304	8595456	1.979935
5732352	8598528	1.997023
5734400	8601600	2.068272
5736448	8604672	2.082972
5738496	8607744	2.083437
5740544	8610816	2.241202
5742592	8613888	2.710703
5744640	8616960	2.656966
5746688	8620032	2.518951
5748736	8623104	2.436078
5750784	8626176	2.619988
5752832	8629248	1.999805
5754880	8632320	2.092561
5756928	8635392	2.401597
5758976	8638464	3.141386
5761024	8641536	2.598874
5763072	8644608	2.710058
5765120	8647680	2.707891
5767168	8650752	2.637833
5769216	8653824	2.142762
5771264	8656896	2.038578
5773312	8659968	2.651748
5775360	8663040	2.699990
5777408	8666112	2.690420
5779456	8669184	2.719816
5781504	8672256	2.428123
5783552	8675328	2.666744
5785600	8678400	2.586652
5787648	8681472	2.602872
5789696	8684544	2.113678
5791744	8687616	2.063069
5793792	8690688	2.096955
5795840	8693760	2.079922
5797888	8696832	2.058972
5799936	8699904	2.922863
5801984	8702976	2.085588
5804032	8706048	2.048298
5806080	8709120	2.072038
5808128	8712192	2.513957
5810176	8715264	2.083078
5812224	8718336	2.720404
5814272	8721408	2.710712
5816320	8724480	2.745735
5818368	8727552	2.677534
5820416	8730624	2.667144
5822464	8733696	3.115016
5824512	8736768	2.516727
5826560	8739840	2.559593
5828608	8742912	2.544224
5830656	8745984	2.551348
5832704	8749056	2.780955
5834752	8752128	2.700757
5836800	8755200	2.089838
5838848	8758272	2.082694
5840896	8761344	2.141100
5842944	8764416	2.014109
5844992	8767488	2.019697
5847040	8770560	2.221599
5849088	8773632	2.230681
5851136	8776704	2.060650
5853184	8779776	2.047229
5855232	8782848	2.337322
5857280	8785920	2.111081
5859328	8788992	2.038373
5861376	8792064	2.062721
5863424	8795136	2.163510
5865472	8798208	2.509927
5867520	8801280	2.075425
5869568	8804352	2.186847
5871616	8807424	2.381307
5873664	8810496	2.280407
5875712	8813568	2.106373
5877760	8816640	2.002846
5879808	8819712	2.040506
5881856	8822784	2.058093
5883904	8825856	2.086917
5885952	8828928	2.060410
5888000	8832000	2.053965
5890048	8835072	2.102392
5892096	8838144	2.033939
5894144	8841216	2.193705
5896192	8844288	2.070985
5898240	8847360	2.465181
5900288	8850432	2.452996
5902336	8853504	2.822478
5904384	8856576	2.542397
5906432	8859648	2.342745
5908480	8862720	2.460364
5910528	8865792	2.561580
5912576	8868864	2.139947
5914624	8871936	2.249394
5916672	8875008	2.215252
5918720	8878080	2.390029
5920768	8881152	2.338966
5922816	8884224	2.070048
5924864	8887296	2.176994
5926912	8890368	2.039204
5928960	8893440	1.993230
5931008	8896512	1.990070
5933056	8899584	2.006249
5935104	8902656	2.007319
5937152	8905728	2.162881
5939200	8908800	1.995489
5941248	8911872	2.065640
5943296	8914944	2.124572
5945344	8918016	2.652966
5947392	8921088	2.242477
5949440	8924160	2.263997
5951488	8927232	2.103561
5953536	8930304	2.321910
5955584	8933376	2.293672
5957632	8936448	2.171172
5959680	8939520	2.318964
5961728	8942592	2.286161
5963776	8945664	2.373436
5965824	8948736	2.265035
5967872	8951808	2.252688
5969920	8954880	2.248592
5971968	8957952	2.211508
5974016	8961024	2.206068
5976064	8964096	2.224526
5978112	8967168	2.234921
5980160	8970240	2.296277
5982208	8973312	2.222260
5984256	8976384	2.215864
5986304	8979456	2.203779
5988352	8982528	2.176148
5990400	8985600	2.146737
5992448	8988672	2.210530
5994496	8991744	2.225645
5996544	8994816	2.258638
5998592	8997888	2.260705
6000640	9000960	2.205135
6002688	9004032	2.206896
6004736	9007104	2.189659
6006784	9010176	2.156874
6008832	9013248	2.178755
6010880	9016320	2.174513
6012928	9019392	2.155603
6014976	9022464	2.141345
6017024	9025536	2.195498
6019072	9028608	2.152687
6021120	9031680	2.131981
6023168	9034752	2.102050
6025216	9037824	2.078794
6027264	9040896	2.117730
6029312	9043968	2.102250
6031360	9047040	2.085038
6033408	9050112	2.089653
6035456	9053184	2.089188
6037504	9056256	2.132243
6039552	9059328	2.102788
6041600	9062400	2.079152
6043648	9065472	2.112163
6045696	9068544	2.104002
6047744	9071616	2.095037
6049792	9074688	2.079718
6051840	9077760	2.094825
6053888	9080832	2.106987
6055936	9083904	2.128102
6057984	9086976	2.091168
6060032	9090048	2.120341
6062080	9093120	2.115538
6064128	9096192	2.243287
6066176	9099264	2.101584
6068224	9102336	2.316233
6070272	9105408	2.620085
6072320	9108480	2.451521
6074368	9111552	2.051942
6076416	9114624	2.050142
6078464	9117696	2.098540
6080512	9120768	2.027045
6082560	9123840	2.032021
6084608	9126912	2.027592
6086656	9129984	2.060053
6088704	9133056	1.987473
6090752	9136128	2.086384
6092800	9139200	2.026979
6094848	9142272	2.042568
6096896	9145344	2.023316
6098944	9148416	2.029195
6100992	9151488	2.013269
6103040	9154560	1.983317
6105088	9157632	2.006541
6107136	9160704	2.038710
6109184	9163776	2.061488
6111232	9166848	2.056229
6113280	9169920	2.074648
6115328	9172992	1.989483
6117376	9176064	2.095740
6119424	9179136	2.062382
6121472	9182208	2.061841
6123520	9185280	2.040612
6125568	9188352	2.091653
6127616	9191424	2.034319
6129664	9194496	2.080367
6131712	9197568	2.156613
6133760	9200640	2.031254
6135808	9203712	2.022000
6137856	9206784	2.015583
6139904	9209856	2.018100
6141952	9212928	2.093429
6144000	9216000	2.045957
6146048	9219072	2.004736
6148096	9222144	2.069326
6150144	9225216	2.041569
6152192	9228288	1.999403
6154240	9231360	1.997456
6156288	9234432	2.029253
6158336	9237504	1.988730
6160384	9240576	2.049856
6162432	9243648	2.061933
6164480	9246720	2.065090
6166528	9249792	2.047647
6168576	9252864	2.070526
6170624	9255936	2.041271
6172672	9259008	2.106906
6174720	9262080	2.103469
6176768	9265152	2.470732
6178816	9268224	2.146927
6180864	9271296	2.701051
6182912	9274368	2.129027
6184960	9277440	2.047750
6187008	9280512	2.093094
6189056	9283584	2.063167
6191104	9286656	2.021855
6193152	9289728	2.069452
6195200	9292800	2.035837
6197248	9295872	2.098173
6199296	9298944	2.026500
6201344	9302016	2.109147
6203392	9305088	2.088139
6205440	9308160	2.164538
6207488	9311232	2.045355
6209536	9314304	2.064417
6211584	9317376	2.134469
6213632	9320448	2.110113
6215680	9323520	2.081431
6217728	9326592	2.170893
6219776	9329664	2.012983
6221824	9332736	2.056497
6223872	9335808	2.060604
6225920	9338880	2.086287
6227968	9341952	2.061940
6230016	9345024	2.068563
6232064	9348096	2.062415
6234112	9351168	2.016717
6236160	9354240	2.081939
6238208	9357312	2.054475
6240256	9360384	2.070046
6242304	9363456	2.032168
6244352	9366528	2.074380
6246400	9369600	2.037161
6248448	9372672	2.107622
6250496	9375744	2.175784
6252544	9378816	2.082874
6254592	9381888	2.023622
6256640	9384960	2.062689
6258688	9388032	2.155216
6260736	9391104	2.026929
6262784	9394176	2.106244
6264832	9397248	2.086949
6266880	9400320	2.312768
6268928	9403392	2.164936
6270976	9406464	2.303760
6273024	9409536	2.494652
6275072	9412608	2.191842
6277120	9415680	2.203408
6279168	9418752	2.194607
6281216	9421824	2.242814
6283264	9424896	2.168675
6285312	9427968	2.138408
6287360	9431040	2.223793
6289408	9434112	2.225594
6291456	9437184	2.310971
6293504	9440256	2.223129
6295552	9443328	2.201077
6297600	9446400	2.205183
6299648	9449472	2.136434
6301696	9452544	2.124954
6303744	9455616	2.262014
6305792	9458688	2.224384
6307840	9461760	2.254051
6309888	9464832	2.252255
6311936	9467904	2.257282
6313984	9470976	2.424516
6316032	9474048	2.247098
6318080	9477120	2.174197
6320128	9480192	2.226023
6322176	9483264	2.133983
6324224	9486336	2.141580
6326272	9489408	2.111393
6328320	9492480	2.129289
6330368	9495552	2.195146
6332416	9498624	2.277795
6334464	9501696	2.189452
6336512	9504768	2.162315
6338560	9507840	2.176265
6340608	9510912	2.182439
6342656	9513984	2.247282
6344704	9517056	2.131661
6346752	9520128	2.247304
6348800	9523200	2.126164
6350848	9526272	2.239381
6352896	9529344	2.125271
6354944	9532416	2.142087
6356992	9535488	2.156689
6359040	9538560	2.175929
6361088	9541632	2.250627
6363136	9544704	2.193667
6365184	9547776	2.178348
6367232	9550848	2.204379
6369280	9553920	2.212646
6371328	9556992	2.216613
6373376	9560064	2.220017
6375424	9563136	2.197023
6377472	9566208	2.219779
6379520	9569280	2.178706
6381568	9572352	2.199585
6383616	9575424	2.346871
6385664	9578496	2.200115
6387712	9581568	2.194332
6389760	9584640	2.204993
6391808	9587712	2.211329
6393856	9590784	2.176894
6395904	9593856	2.199985
6397952	9596928	2.299792
6400000	9600000	2.211097
6402048	9603072	2.205947
6404096	9606144	2.854545
6406144	9609216	2.297725
6408192	9612288	2.288610
6410240	9615360	2.237227
6412288	9618432	2.311245
6414336	9621504	2.236620
6416384	9624576	2.215084
6418432	9627648	2.163053
6420480	9630720	2.284008
6422528	9633792	2.214197
6424576	9636864	2.222522
6426624	9639936	2.182903
6428672	9643008	2.117181
6430720	9646080	2.225152
6432768	9649152	2.161062
6434816	9652224	2.195577
6436864	9655296	2.130683
6438912	9658368	2.087497
6440960	9661440	2.220924
6443008	9664512	2.143640
6445056	9667584	2.179440
6447104	9670656	2.194601
6449152	9673728	2.164325
6451200	9676800	2.143317
6453248	9679872	2.264976
6455296	9682944	2.106130
6457344	9686016	2.199633
6459392	9689088	2.144040
6461440	9692160	2.111842
6463488	9695232	2.128898
6465536	9698304	2.105108
6467584	9701376	2.186777
6469632	9704448	2.231120
6471680	9707520	2.147493
6473728	9710592	2.209600
6475776	9713664	2.196594
6477824	9716736	2.240639
6479872	9719808	2.123942
6481920	9722880	2.152657
6483968	9725952	2.120847
6486016	9729024	2.157705
6488064	9732096	2.231226
6490112	9735168	2.140854
6492160	9738240	2.238225
6494208	9741312	2.171443
6496256	9744384	2.220815
6498304	9747456	2.202841
6500352	9750528	2.289110
6502400	9753600	2.227845
6504448	9756672	2.175781
6506496	9759744	2.199822
6508544	9762816	2.202503
6510592	9765888	2.186881
6512640	9768960	2.191630
6514688	9772032	2.280019
6516736	9775104	2.216784
6518784	9778176	2.446377
6520832	9781248	2.226144
6522880	9784320	2.206615
6524928	9787392	2.179329
6526976	9790464	2.185070
6529024	9793536	2.187289
6531072	9796608	2.195894
6533120	9799680	2.213163
6535168	9802752	2.231911
6537216	9805824	2.306243
6539264	9808896	2.270992
6541312	9811968	2.221379
6543360	9815040	2.260700
6545408	9818112	2.231369
6547456	9821184	2.250179
6549504	9824256	2.220174
6551552	9827328	2.196447
6553600	9830400	2.196480
6555648	9833472	2.146518
6557696	9836544	2.126993
6559744	9839616	2.123786
6561792	9842688	2.134238
6563840	9845760	2.234823
6565888	9848832	2.217035
6567936	9851904	2.280766
6569984	9854976	2.199187
6572032	9858048	2.272398
6574080	9861120	2.282340
6576128	9864192	2.335973
6578176	9867264	2.301662
6580224	9870336	2.262692
6582272	9873408	2.233075
6584320	9876480	2.231363
6586368	9879552	2.307676
6588416	9882624	2.220399
6590464	9885696	2.204524
6592512	9888768	2.342381
6594560	9891840	2.237691
6596608	9894912	2.235460
6598656	9897984	2.282352
6600704	9901056	2.241065
6602752	9904128	2.207948
6604800	9907200	2.245223
6606848	9910272	2.337248
6608896	9913344	2.356352
6610944	9916416	2.243453
6612992	9919488	2.326879
6615040	9922560	2.283960
6617088	9925632	2.321927
6619136	9928704	2.436754
6621184	9931776	2.430311
6623232	9934848	2.292332
6625280	9937920	2.371156
6627328	9940992	2.336450
6629376	9944064	2.340602
6631424	9947136	2.567640
6633472	9950208	2.375028
6635520	9953280	2.310582
6637568	9956352	2.290713
6639616	9959424	2.318029
6641664	9962496	2.246171
6643712	9965568	2.219873
6645760	9968640	2.220920
6647808	9971712	2.391380
6649856	9974784	2.257331
6651904	9977856	2.169475
6653952	9980928	2.284169
6656000	9984000	2.354855
6658048	9987072	2.442784
6660096	9990144	2.357026
6662144	9993216	2.423711
6664192	9996288	2.342386
6666240	9999360	2.414434
6668288	10002432	2.279429
6670336	10005504	2.365752
6672384	10008576	2.249104
6674432	10011648	2.236056
6676480	10014720	2.262377
6678528	10017792	2.236202
6680576	10020864	2.277656
6682624	10023936	2.276242
6684672	10027008	2.650282
6686720	10030080	2.396899
6688768	10033152	2.384526
6690816	10036224	2.519713
6692864	10039296	2.448509
6694912	10042368	2.787183
6696960	10045440	2.772738
6699008	10048512	2.747264
6701056	10051584	2.698722
6703104	10054656	2.819435
6705152	10057728	2.803544
6707200	10060800	2.830109
6709248	10063872	2.666070
6711296	10066944	2.641472
6713344	10070016	2.745546
6715392	10073088	2.692713
6717440	10076160	2.658106
6719488	10079232	2.756886
6721536	10082304	2.648555
6723584	10085376	2.694164
6725632	10088448	2.619003
6727680	10091520	2.703821
6729728	10094592	2.675917
6731776	10097664	2.690000
6733824	10100736	2.680012
6735872	10103808	2.656384
6737920	10106880	2.677685
6739968	10109952	2.737256
6742016	10113024	2.700793
6744064	10116096	2.763695
6746112	10119168	2.732281
6748160	10122240	2.611788
6750208	10125312	2.608943
6752256	10128384	2.601352
6754304	10131456	2.678537
6756352	10134528	2.697528
6758400	10137600	2.610955
6760448	10140672	2.696428
6762496	10143744	2.758058
6764544	10146816	2.733732
6766592	10149888	2.652355
6768640	10152960	2.518588
6770688	10156032	2.575078
6772736	10159104	3.013305
6774784	10162176	2.648385
6776832	10165248	2.896042
6778880	10168320	2.783432
6780928	10171392	2.797305
6782976	10174464	2.457462
6785024	10177536	2.707607
6787072	10180608	3.051549
6789120	10183680	2.863184
6791168	10186752	2.775892
6793216	10189824	2.795716
6795264	10192896	2.729646
6797312	10195968	2.832987
6799360	10199040	2.649936
6801408	10202112	2.684832
6803456	10205184	2.756979
6805504	10208256	2.749502
6807552	10211328	2.740575
6809600	10214400	2.894324
6811648	10217472	2.508661
6813696	10220544	2.563357
6815744	10223616	2.402460
6817792	10226688	2.303642
6819840	10229760	2.291966
6821888	10232832	2.280731
6823936	10235904	2.275297
6825984	10238976	2.294553
6828032	10242048	2.310251
6830080	10245120	2.333220
6832128	10248192	2.312783
6834176	10251264	2.292819
6836224	10254336	2.291162
6838272	10257408	2.301410
6840320	10260480	2.303410
6842368	10263552	2.321191
6844416	10266624	2.309228
6846464	10269696	2.303669
6848512	10272768	2.298547
6850560	10275840	2.391440
6852608	10278912	2.391263
6854656	10281984	2.368626
6856704	10285056	2.401905
6858752	10288128	2.325583
6860800	10291200	2.307965
6862848	10294272	2.315041
6864896	10297344	2.311522
6866944	10300416	2.299664
6868992	10303488	2.321543
6871040	10306560	2.333167
6873088	10309632	2.311886
6875136	10312704	2.303914
6877184	10315776	2.285899
6879232	10318848	2.324551
6881280	10321920	2.298916
6883328	10324992	2.282938
6885376	10328064	2.297514
6887424	10331136	2.289972
6889472	10334208	2.308371
6891520	10337280	2.288764
6893568	10340352	2.308034
6895616	10343424	2.294349
6897664	10346496	2.346798
6899712	10349568	2.364057
6901760	10352640	2.369282
6903808	10355712	2.366423
6905856	10358784	2.315868
6907904	10361856	2.318460
6909952	10364928	2.339123
6912000	10368000	2.332509
6914048	10371072	2.332723
6916096	10374144	2.316982
6918144	10377216	2.325121
6920192	10380288	2.337539
6922240	10383360	2.312138
6924288	10386432	2.317487
6926336	10389504	2.340000
6928384	10392576	2.330427
6930432	10395648	2.384739
6932480	10398720	2.380893
6934528	10401792	2.365465
6936576	10404864	2.378043
6938624	10407936	2.365825
6940672	10411008	2.391000
6942720	10414080	2.354958
6944768	10417152	2.742870
6946816	10420224	2.339317
6948864	10423296	2.342470
6950912	10426368	2.384701
6952960	10429440	2.332337
6955008	10432512	2.318473
6957056	10435584	2.339769
6959104	10438656	2.335129
6961152	10441728	2.342311
6963200	10444800	2.325250
6965248	10447872	2.352953
6967296	10450944	2.324335
6969344	10454016	2.338377
6971392	10457088	2.412403
6973440	10460160	2.403975
6975488	10463232	2.415509
6977536	10466304	2.412514
6979584	10469376	2.388567
6981632	10472448	2.394389
6983680	10475520	2.393521
6985728	10478592	2.394771
6987776	10481664	2.339808
6989824	10484736	2.339124
6991872	10487808	2.345940
6993920	10490880	2.350572
6995968	10493952	2.347810
6998016	10497024	2.345052
7000064	10500096	2.363667
7002112	10503168	2.464539
7004160	10506240	2.442586
7006208	10509312	2.422254
7008256	10512384	2.405152
7010304	10515456	2.402635
7012352	10518528	2.336947
7014400	10521600	2.360355
7016448	10524672	2.377305
7018496	10527744	2.368472
7020544	10530816	2.352181
7022592	10533888	2.403210
7024640	10536960	2.421754
7026688	10540032	2.419703
7028736	10543104	2.399860
7030784	10546176	2.359217
7032832	10549248	2.415322
7034880	10552320	2.423920
7036928	10555392	2.411310
7038976	10558464	2.403678
7041024	10561536	2.425425
7043072	10564608	2.400907
7045120	10567680	2.364870
7047168	10570752	2.372726
7049216	10573824	2.355408
7051264	10576896	2.298711
7053312	10579968	2.307122
7055360	10583040	2.362927
7057408	10586112	2.338825
7059456	10589184	2.281880
7061504	10592256	2.296352
7063552	10595328	2.285399
7065600	10598400	2.284874
7067648	10601472	2.303736
7069696	10604544	2.358314
7071744	10607616	2.349434
7073792	10610688	2.353258
7075840	10613760	2.351720
7077888	10616832	2.362380
7079936	10619904	2.357777
7081984	10622976	2.339342
7084032	10626048	2.338887
7086080	10629120	2.373494
7088128	10632192	2.375501
7090176	10635264	2.287676
7092224	10638336	2.301173
7094272	10641408	2.297275
7096320	10644480	2.291206
7098368	10647552	2.363442
7100416	10650624	2.365364
7102464	10653696	2.359159
7104512	10656768	2.360105
7106560	10659840	2.365562
7108608	10662912	2.363762
7110656	10665984	2.315839
7112704	10669056	2.310840
7114752	10672128	2.318588
7116800	10675200	2.316227
7118848	10678272	2.305633
7120896	10681344	2.303588
7122944	10684416	2.295514
7124992	10687488	2.315318
7127040	10690560	2.309959
7129088	10693632	2.324142
7131136	10696704	2.308852
7133184	10699776	2.396655
7135232	10702848	2.391179
7137280	10705920	2.377204
7139328	10708992	2.378691
7141376	10712064	2.367699
7143424	10715136	2.309186
